"ID"	"method"	"date"	"eventDate"	"NO2"	"NO2_N"	"NO3"	"NO3_N"	"PO4"	"PO4_P"	"NH4"	"NH4_N"	"equipment"	"NO2_lower_limit_of_quantification_mgL"	"NO2_upper_limit_of_quantification_mgL"	"NO3_lower_limit_of_quantification_mgL"	"NO3_upper_limit_of_quantification_mgL"	"PO4_lower_limit_of_quantification_mgL"	"PO4_upper_limit_of_quantification_mgL"	"NH4_lower_limit_of_quantification_mgL"	"NH4_upper_limit_of_quantification_mgL"
"S1"	"grab"	"2018-05-01"		0	0	0	0	0.25	0.082	0.25	0.194	"Colorimetric Test"								
"S1"	"grab"	"2018-06-04"		0	0	0	0	0.125	0.041	0	0	"Colorimetric Test"								
"S2"	"eds"	"2019-06-15"	"2019-06-12"	0.2	0.061	2.833	0.64	1.785	0.582	2.572	1.997	"Photometer"	0.05	2	1	60	0.15	4.5	0.02	2.5
"S2"	"grab"	"2019-07-01"		0.112	0.034	1.948	0.44	18.599	6.065	0.292	0.227	"Photometer"	0.05	2	1	60	0.15	4.5	0.02	2.5
"S2"	"grab"	"2019-04-29"		0.21	0.064	3.984	0.9	0.852	0.278	1.156	0.898	"Photometer"	0.05	2	1	60	0.15	4.5	0.02	2.5
"S2"	"grab"	"2019-06-11"		0.076	0.023	1.682	0.38	1.073	0.35	0.258	0.2	"Photometer"	0.05	2	1	60	0.15	4.5	0.02	2.5
"S2"	"grab"	"2019-04-10"		0.085	0.026	8.853	2	0.202	0.066	0.125	0.097	"Photometer"	0.05	2	1	60	0.15	4.5	0.02	2.5
"S2"	"grab"	"2019-05-20"		0.108	0.033	1.638	0.37	1.828	0.596	0.325	0.252	"Photometer"	0.05	2	1	60	0.15	4.5	0.02	2.5
"S3"	"grab"	"2019-04-11"		0.072	0.022	3.541	0.8	0.172	0.056	0.264	0.205	"Photometer"	0.05	2	1	60	0.15	4.5	0.02	2.5
"S3"	"grab"	"2019-05-20"		0.066	0.02	1.549	0.35	0.331	0.108	0.215	0.167	"Photometer"	0.05	2	1	60	0.15	4.5	0.02	2.5
"S3"	"grab"	"2019-06-11"		0.059	0.018	1.726	0.39	0.31	0.101	0.26	0.202	"Photometer"	0.05	2	1	60	0.15	4.5	0.02	2.5
"S3"	"grab"	"2019-04-29"		0.066	0.02	2.833	0.64	0.23	0.075	0.205	0.159	"Photometer"	0.05	2	1	60	0.15	4.5	0.02	2.5
"S3"	"eds"	"2019-06-15"	"2019-06-12"	0.174	0.053	12.129	2.74	0.092	0.03	0.176	0.137	"Photometer"	0.05	2	1	60	0.15	4.5	0.02	2.5
"S3"	"grab"	"2019-07-01"		0.072	0.022	3.32	0.75	1.739	0.567	0.316	0.245	"Photometer"	0.05	2	1	60	0.15	4.5	0.02	2.5
"S4"	"grab"	"2018-05-02"		0.05	0.015	0	0	0.25	0.082	0	0	"Colorimetric Test"								
"S4"	"grab"	"2018-06-06"		0.05	0.015	5	1.129	0.25	0.082	0	0	"Colorimetric Test"								
"S5"	"grab"	"2019-05-20"		0.256	0.078	14.033	3.17	0.331	0.108	0.067	0.052	"Photometer"	0.05	2	1	60	0.15	4.5	0.02	2.5
"S5"	"grab"	"2019-07-01"		0.122	0.037	3.32	0.75	21.567	7.033	0.219	0.17	"Photometer"	0.05	2	1	60	0.15	4.5	0.02	2.5
"S5"	"grab"	"2019-06-11"		0.053	0.016	2.213	0.5	0.997	0.325	0.075	0.058	"Photometer"	0.05	2	1	60	0.15	4.5	0.02	2.5
"S5"	"eds"	"2019-06-19"	"2019-06-16"	0.516	0.157	70.695	15.97	0.221	0.072	0.309	0.24	"Photometer"	0.05	2	1	60	0.15	4.5	0.02	2.5
"S5"	"eds"	"2019-06-12"	"2019-06-12"	0.292	0.089	16.423	3.71	1.99	0.649	2.028	1.575	"Photometer"	0.05	2	1	60	0.15	4.5	0.02	2.5
"S5"	"grab"	"2019-04-29"		0.158	0.048	25.365	5.73	0.963	0.314	0.021	0.016	"Photometer"	0.05	2	1	60	0.15	4.5	0.02	2.5
"S5"	"grab"	"2019-04-10"		0.076	0.023	38.468	8.69	7.918	2.582	0.054	0.042	"Photometer"	0.05	2	1	60	0.15	4.5	0.02	2.5
"S6"	"grab"	"2018-07-12"		0.01	0.003	1.5	0.339	0.5	0.163	0.1	0.078	"Colorimetric Test"								
"S6"	"grab"	"2018-05-29"		0.02	0.006	1.5	0.339	1.1	0.359	0.1	0.078	"Colorimetric Test"								
"S6"	"grab"	"2018-06-20"		0.001	0	1.8	0.407	0.6	0.196	0.1	0.078	"Colorimetric Test"								
"S6"	"grab"	"2018-05-09"		0.03	0.009	2.2	0.497	0.2	0.065	0.1	0.078	"Colorimetric Test"								
"S6"	"eds"	"2018-07-06"	"2018-07-06"	0.02	0.006	1	0.226	0.9	0.293	0.4	0.311	"Colorimetric Test"								
"S7"	"grab"	"2019-07-03"		0.049	0.015	3.984	0.9	0.153	0.05	0.035	0.027	"Photometer"	0.05	2	1	60	0.15	4.5	0.02	2.5
"S7"	"grab"	"2019-04-30"		0.049	0.015	4.781	1.08	0.153	0.05	0.021	0.016	"Photometer"	0.05	2	1	60	0.15	4.5	0.02	2.5
"S7"	"grab"	"2019-05-20"		0.092	0.028	4.869	1.1	0.175	0.057	0.027	0.021	"Photometer"	0.05	2	1	60	0.15	4.5	0.02	2.5
"S7"	"grab"	"2019-04-09"		0.049	0.015	1.859	0.42	0.153	0.05	0.019	0.015	"Photometer"	0.05	2	1	60	0.15	4.5	0.02	2.5
"S7"	"grab"	"2019-06-12"		0.049	0.015	5.976	1.35	0.153	0.05	0.023	0.018	"Photometer"	0.05	2	1	60	0.15	4.5	0.02	2.5
"S8"	"grab"	"2019-04-30"		0.049	0.015	1.018	0.23	0.153	0.05	0.019	0.015	"Photometer"	0.05	2	1	60	0.15	4.5	0.02	2.5
"S8"	"grab"	"2019-05-20"		0.108	0.033	5.046	1.14	0.153	0.05	0.394	0.306	"Photometer"	0.05	2	1	60	0.15	4.5	0.02	2.5
"S8"	"grab"	"2019-04-09"		0.049	0.015	5.489	1.24	0.153	0.05	0.019	0.015	"Photometer"	0.05	2	1	60	0.15	4.5	0.02	2.5
"S8"	"grab"	"2019-07-03"		0.049	0.015	1.018	0.23	0.153	0.05	0.023	0.018	"Photometer"	0.05	2	1	60	0.15	4.5	0.02	2.5
"S8"	"grab"	"2019-06-12"		0.112	0.034	2.346	0.53	0.417	0.136	0.219	0.17	"Photometer"	0.05	2	1	60	0.15	4.5	0.02	2.5
"S9"	"grab"	"2018-06-07"		0.5	0.152	0	0	0.3	0.098	0.1	0.078	"Colorimetric Test"								
"S9"	"eds"	"2018-06-11"	"2018-06-11"	1	0.304	15	3.388	1.1	0.359	0.6	0.466	"Colorimetric Test"								
"S9"	"eds"	"2018-06-28"	"2018-06-28"	0.7	0.213	50	11.295	2	0.652	0.5	0.388	"Colorimetric Test"								
"S9"	"grab"	"2018-10-17"		0.2	0.061	0	0	0.5	0.163	0.15	0.116	"Colorimetric Test"								
"S9"	"eds"	"2018-05-24"	"2018-05-24"	1	0.304	25	5.648	0.75	0.245	0.7	0.544	"Colorimetric Test"								
"S9"	"grab"	"2018-05-03"		0.8	0.244	0	0	0.5	0.163	0	0	"Colorimetric Test"								
"S10"	"grab"	"2019-06-14"		0.151	0.046	17.486	3.95	0.963	0.314	0.098	0.076	"Photometer"	0.05	2	1	60	0.15	4.5	0.02	2.5
"S10"	"grab"	"2019-05-02"		0.105	0.032	18.946	4.28	0.592	0.193	0.088	0.068	"Photometer"	0.05	2	1	60	0.15	4.5	0.02	2.5
"S10"	"grab"	"2019-07-08"		0.092	0.028	16.202	3.66	1.052	0.343	0.036	0.028	"Photometer"	0.05	2	1	60	0.15	4.5	0.02	2.5
"S10"	"grab"	"2019-04-08"		0.171	0.052	26.073	5.89	1.055	0.344	0.066	0.051	"Photometer"	0.05	2	1	60	0.15	4.5	0.02	2.5
"S10"	"grab"	"2019-05-23"		0.236	0.072	72.908	16.47	0.399	0.13	0.099	0.077	"Photometer"	0.05	2	1	60	1.5	15	0.02	2.5
"S11"	"grab"	"2019-05-22"		0.292	0.089	41.965	9.48	0.279	0.091	0.693	0.538	"Photometer"	0.05	2	1	60	1.5	15	0.02	2.5
"S11"	"eds"	"2019-05-07"	"2019-05-03"	0.351	0.107	26.118	5.9	0.745	0.243	1.76	1.367	"Photometer"	0.05	2	1	60	0.15	4.5	0.02	2.5
"S11"	"grab"	"2019-06-13"		0.194	0.059	33.555	7.58	0.396	0.129	0.077	0.06	"Photometer"	0.05	2	1	60	0.15	4.5	0.02	2.5
"S11"	"grab"	"2019-04-09"		0.286	0.087	30.899	6.98	0.589	0.192	0.873	0.678	"Photometer"	0.05	2	1	60	0.15	4.5	0.02	2.5
"S11"	"grab"	"2019-05-01"		0.43	0.131	37.273	8.42	0.558	0.182	0.523	0.406	"Photometer"	0.05	2	1	60	0.15	4.5	0.02	2.5
"S11"	"grab"	"2019-07-09"		0.23	0.07	27.092	6.12	0.997	0.325	0.1	0.078	"Photometer"	0.05	2	1	60	0.15	4.5	0.02	2.5
"S12"	"eds"	"2018-05-28"	"2018-05-28"	0.5	0.152	10	2.259	0.25	0.082	0	0	"Colorimetric Test"								
"S12"	"grab"	"2018-05-02"		0.5	0.152	20	4.518	0.75	0.245	0.1	0.078	"Colorimetric Test"								
"S12"	"grab"	"2018-10-18"		0.05	0.015	35	7.906	0.4	0.13	0.1	0.078	"Colorimetric Test"								
"S12"	"grab"	"2018-06-08"		0.25	0.076	10	2.259	0.3	0.098	0.2	0.155	"Colorimetric Test"								
"S12"	"eds"	"2018-05-15"	"2018-05-15"	1	0.304	25	5.648	0.25	0.082	0.2	0.155	"Colorimetric Test"								
"S13"	"grab"	"2018-10-17"				1	0.226	0.1	0.033	0	0	"Colorimetric Test"								
"S13"	"grab"	"2018-06-07"		0	0	0	0	0	0	0	0	"Colorimetric Test"								
"S13"	"grab"	"2018-05-03"		0.4	0.122	0	0	0	0	0	0	"Colorimetric Test"								
"S14"	"grab"	"2019-06-11"		0.591	0.18	49.978	11.29	2.738	0.893	0.149	0.116	"Photometer"	0.05	2	1	60	0.15	4.5	0.02	2.5
"S14"	"grab"	"2019-05-20"		0.512	0.156	41.39	9.35	0.475	0.155	0.318	0.247	"Photometer"	0.05	2	1	60	0.15	4.5	0.02	2.5
"S14"	"grab"	"2019-04-29"		0.161	0.049	41.567	9.39	1.107	0.361	0.001	0.001	"Photometer"	0.05	2	1	60	0.15	4.5	0.02	2.5
"S14"	"grab"	"2019-04-16"		0.092	0.028	46.835	10.58	0.159	0.052	0	0	"Photometer"	0.05	2	1	60	0.15	4.5	0.02	2.5
"S14"	"eds"	"2019-06-24"	"2019-06-20"	0.328	0.1	35.547	8.03	1.11	0.362	0.031	0.024	"Photometer"	0.05	2	1	60	0.15	4.5	0.02	2.5
"S14"	"grab"	"2019-07-01"		0.23	0.07	43.78	9.89	0.708	0.231	0.032	0.025	"Photometer"	0.05	2	1	60	0.15	4.5	0.02	2.5
"S15"	"grab"	"2019-04-10"		0.072	0.022	26.472	5.98	0	0	0	0	"Photometer"	0.05	2	1	60	0.15	4.5	0.02	2.5
"S15"	"eds"	"2019-05-22"	"2019-05-21"	0.108	0.033	28.198	6.37	0.074	0.024	0.033	0.026	"Photometer"	0.05	2	1	60	1.5	15	0.02	2.5
"S15"	"grab"	"2019-05-01"		0.066	0.02	22.753	5.14	0.04	0.013	0.017	0.013	"Photometer"	0.05	2	1	60	0.15	4.5	0.02	2.5
"S15"	"grab"	"2019-07-09"		0.046	0.014	20.717	4.68	0.218	0.071	0.037	0.029	"Photometer"	0.05	2	1	60	0.15	4.5	0.02	2.5
"S15"	"grab"	"2019-05-22"		0.164	0.05	41.965	9.48	0.31	0.101	0.279	0.217	"Photometer"	0.05	2	1	60	1.5	15	0.02	2.5
"S15"	"grab"	"2019-06-13"		0.039	0.012	26.073	5.89	0.129	0.042	0.028	0.022	"Photometer"	0.05	2	1	60	0.15	4.5	0.02	2.5
"S16"	"grab"	"2019-06-13"		0.345	0.105	23.373	5.28	0.583	0.19	0.13	0.101	"Photometer"	0.05	2	1	60	0.15	4.5	0.02	2.5
"S16"	"grab"	"2019-07-08"		0.164	0.05	19.522	4.41	0.481	0.157	0.062	0.048	"Photometer"	0.05	2	1	60	0.15	4.5	0.02	2.5
"S16"	"grab"	"2019-05-01"		0	0	20.053	4.53	0.328	0.107	0	0	"Photometer"	0.05	2	1	60	0.15	4.5	0.02	2.5
"S16"	"grab"	"2019-05-22"		0.296	0.09	39.132	8.84	0.319	0.104	0.185	0.144	"Photometer"	0.05	2	1	60	1.5	15	0.02	2.5
"S16"	"grab"	"2019-04-09"		0.207	0.063	23.24	5.25	0.251	0.082	0.095	0.074	"Photometer"	0.05	2	1	60	0.15	4.5	0.02	2.5
"S17"	"grab"	"2019-07-09"		0.118	0.036	16.158	3.65	0.598	0.195	0.052	0.04	"Photometer"	0.05	2	1	60	0.15	4.5	0.02	2.5
"S17"	"grab"	"2019-06-13"		0.171	0.052	13.723	3.1	0.396	0.129	0.075	0.058	"Photometer"	0.05	2	1	60	0.15	4.5	0.02	2.5
"S17"	"grab"	"2019-05-22"		0.181	0.055	28.375	6.41	0.169	0.055	0.164	0.127	"Photometer"	0.05	2	1	60	1.5	15	0.02	2.5
"S17"	"grab"	"2019-04-09"		0.138	0.042	17.973	4.06	0.187	0.061	0.147	0.114	"Photometer"	0.05	2	1	60	0.15	4.5	0.02	2.5
"S17"	"grab"	"2019-05-01"		0.289	0.088	16.29	3.68	0.531	0.173	0.457	0.355	"Photometer"	0.05	2	1	60	0.15	4.5	0.02	2.5
"S18"	"eds"	"2018-05-28"	"2018-05-28"	1	0.304	40	9.036	0	0	0.1	0.078	"Colorimetric Test"								
"S18"	"grab"	"2018-06-07"		1	0.304	2	0.452	1	0.326	1.5	1.165	"Colorimetric Test"								
"S18"	"grab"	"2018-10-18"		0.3	0.091	25	5.648	0.7	0.228	0.3	0.233	"Colorimetric Test"								
"S18"	"eds"	"2018-06-28"	"2018-06-28"	1	0.304	75	16.942	1	0.326	0	0	"Colorimetric Test"								
"S18"	"eds"	"2018-06-06"	"2018-06-06"	1	0.304	30	6.777	0.5	0.163	0.6	0.466	"Colorimetric Test"								
"S18"	"eds"	"2018-05-15"	"2018-05-15"	1	0.304	2	0.452	0	0	0	0	"Colorimetric Test"								
"S18"	"grab"	"2018-05-03"		0.35	0.107	0	0	0.25	0.082	0.5	0.388	"Colorimetric Test"								
"S19"	"grab"	"2018-10-18"		0.1	0.03	5	1.129	0.5	0.163	0	0	"Colorimetric Test"								
"S19"	"grab"	"2018-06-08"		0.25	0.076	0	0	0.5	0.163	0	0	"Colorimetric Test"								
"S19"	"eds"	"2018-05-27"	"2018-05-27"	0.5	0.152	2	0.452	0.25	0.082	0	0	"Colorimetric Test"								
"S19"	"grab"	"2018-05-02"		1	0.304	0	0	0.5	0.163	0	0	"Colorimetric Test"								
"S19"	"eds"	"2018-06-11"	"2018-06-11"	0.4	0.122	0.25	0.056	0.4	0.13	0.1	0.078	"Colorimetric Test"								
"S19"	"eds"	"2018-06-27"	"2018-06-27"	0.5	0.152	50	11.295	0.75	0.245	0	0	"Colorimetric Test"								
"S19"	"eds"	"2018-06-05"	"2018-06-05"	0.5	0.152	5	1.129	0.5	0.163	0	0	"Colorimetric Test"								
"S20"	"grab"	"2019-07-08"		0.555	0.169	33.289	7.52	0.659	0.215	0.241	0.187	"Photometer"	0.05	2	1	60	0.15	4.5	0.02	2.5
"S20"	"grab"	"2019-04-08"		0.125	0.038	48.738	11.01	0.031	0.01	0.185	0.144	"Photometer"	0.05	2	1	60	0.15	4.5	0.02	2.5
"S20"	"grab"	"2019-05-23"		0.256	0.078	35.237	7.96	0.19	0.062	0.505	0.392	"Photometer"	0.05	2	1	60	1.5	15	0.02	2.5
"S20"	"grab"	"2019-05-02"		0.21	0.064	42.674	9.64	0.043	0.014	0.198	0.154	"Photometer"	0.05	2	1	60	0.15	4.5	0.02	2.5
"S20"	"grab"	"2019-06-14"		0.328	0.1	29.615	6.69	0	0	0.027	0.021	"Photometer"	0.05	2	1	60	0.15	4.5	0.02	2.5
"S20"	"eds"	"2019-05-23"	"2019-05-20"	0.322	0.098	10.137	2.29	0.96	0.313	0.695	0.54	"Photometer"	0.05	2	1	60	1.5	15	0.02	2.5
"S21"	"grab"	"2019-06-12"		0.082	0.025	8.455	1.91	0.233	0.076	0.037	0.029	"Photometer"	0.05	2	1	60	0.15	4.5	0.02	2.5
"S21"	"grab"	"2019-07-02"		0.033	0.01	5.578	1.26	0.196	0.064	0.023	0.018	"Photometer"	0.05	2	1	60	0.15	4.5	0.02	2.5
"S21"	"eds"	"2019-05-21"	"2019-05-20"	0.397	0.121	12.085	2.73			0.833	0.647	"Photometer"	0.05	2	1	60			0.02	2.5
"S21"	"grab"	"2019-04-30"		0.085	0.026	8.986	2.03	0.159	0.052	0.033	0.026	"Photometer"	0.05	2	1	60	0.15	4.5	0.02	2.5
"S21"	"grab"	"2019-04-11"		0.066	0.02	10.491	2.37	0.074	0.024	0.044	0.034	"Photometer"	0.05	2	1	60	0.15	4.5	0.02	2.5
"S21"	"grab"	"2019-05-21"		0.732	0.223	19.168	4.33	2.015	0.657	0.507	0.394	"Photometer"	0.05	2	1	60	1.5	15	0.02	2.5
"S22"	"grab"	"2019-07-02"		0.112	0.034	12.528	2.83	0.733	0.239	0.077	0.06	"Photometer"	0.05	2	1	60	0.15	4.5	0.02	2.5
"S22"	"grab"	"2019-06-12"		0.144	0.044	11.111	2.51	0.813	0.265	0.09	0.07	"Photometer"	0.05	2	1	60	0.15	4.5	0.02	2.5
"S22"	"grab"	"2018-05-04"		0.8	0.244	0	0	0.5	0.163	0.2	0.155	"Colorimetric Test"								
"S22"	"grab"	"2018-06-06"		0.15	0.046	0	0	0.5	0.163	0	0	"Colorimetric Test"								
"S22"	"grab"	"2019-04-30"		0.092	0.028	13.856	3.13	0.313	0.102	0.013	0.01	"Photometer"	0.05	2	1	60	0.15	4.5	0.02	2.5
"S22"	"grab"	"2018-10-16"		0.1	0.03	10	2.259	0.6	0.196	0.2	0.155	"Colorimetric Test"								
"S22"	"grab"	"2019-05-21"		0.374	0.114	13.856	3.13	0.567	0.185	0.545	0.423	"Photometer"	0.05	2	1	60	1.5	15	0.02	2.5
"S22"	"grab"	"2019-04-11"		0.072	0.022	16.379	3.7	0.23	0.075	0.044	0.034	"Photometer"	0.05	2	1	60	0.15	4.5	0.02	2.5
"S23"	"grab"	"2019-05-21"		0.479	0.146	13.9	3.14	1.159	0.378	0.238	0.185	"Photometer"	0.05	2	1	60	1.5	15	0.02	2.5
"S23"	"grab"	"2019-04-30"		0.076	0.023	13.324	3.01	0.08	0.026	0.005	0.004	"Photometer"	0.05	2	1	60	0.15	4.5	0.02	2.5
"S23"	"grab"	"2019-04-11"		0.056	0.017	13.723	3.1	0	0	0.022	0.017	"Photometer"	0.05	2	1	60	0.15	4.5	0.02	2.5
"S23"	"grab"	"2019-07-02"		0.053	0.016	15.538	3.51	0.156	0.051	0.026	0.02	"Photometer"	0.05	2	1	60	0.15	4.5	0.02	2.5
"S23"	"grab"	"2019-06-12"		0.059	0.018	15.759	3.56	0.135	0.044	0.039	0.03	"Photometer"	0.05	2	1	60	0.15	4.5	0.02	2.5
"S24"	"grab"	"2018-05-23"		1	0.304	40	9.036	0.5	0.163	0.8	0.621	"Colorimetric Test"								
"S24"	"grab"	"2018-10-16"		0.15	0.046	2	0.452	0.7	0.228	0.1	0.078	"Colorimetric Test"								
"S24"	"eds"	"2018-05-22"	"2018-05-22"	1	0.304	40	9.036	0.8	0.261	0.5	0.388	"Colorimetric Test"								
"S24"	"grab"	"2018-05-03"		1	0.304	25	5.648	0.5	0.163	0.5	0.388	"Colorimetric Test"								
"S24"	"grab"	"2018-06-06"		0.2	0.061	0	0	0.4	0.13	0.2	0.155	"Colorimetric Test"								
"S25"	"eds"	"2018-05-22"	"2018-05-22"	0.25	0.076	25	5.648	3	0.978	1	0.776	"Colorimetric Test"								
"S25"	"grab"	"2018-05-23"		0.25	0.076	25	5.648	3	0.978	1	0.776	"Colorimetric Test"								
"S25"	"grab"	"2018-06-06"		0	0	0	0	0.1	0.033	0	0	"Colorimetric Test"								
"S25"	"grab"	"2018-10-17"		0.05	0.015	0	0	0.4	0.13	0.3	0.233	"Colorimetric Test"								
"S25"	"grab"	"2018-05-04"		0.8	0.244	15	3.388	0.9	0.293	0.3	0.233	"Colorimetric Test"								
"S26"	"grab"	"2019-07-02"		0.131	0.04	2.169	0.49	0.583	0.19	0.317	0.246	"Photometer"	0.05	2	1	60	0.15	4.5	0.02	2.5
"S26"	"grab"	"2019-05-21"		0.082	0.025	1.948	0.44	1.864	0.608	0.085	0.066	"Photometer"	0.05	2	1	60	0.15	4.5	0.02	2.5
"S26"	"eds"	"2019-06-15"	"2019-06-12"	0.158	0.048	5.489	1.24	3.944	1.286	0.375	0.291	"Photometer"	0.05	2	1	60	0.15	4.5	0.02	2.5
"S26"	"grab"	"2019-04-30"		0.069	0.021	3.586	0.81	0.328	0.107	0.046	0.036	"Photometer"	0.05	2	1	60	0.15	4.5	0.02	2.5
"S26"	"eds"	"2019-06-07"	"2019-06-06"	0.154	0.047	3.984	0.9	0.374	0.122	0.303	0.235	"Photometer"	0.05	2	1	60	0.15	4.5	0.02	2.5
"S26"	"grab"	"2019-04-17"		0.118	0.036	9.208	2.08	0.5	0.163	0.064	0.05	"Photometer"	0.05	2	1	60	0.15	4.5	0.02	2.5
"S26"	"grab"	"2019-06-12"		0.053	0.016	2.346	0.53	2.294	0.748	0.125	0.097	"Photometer"	0.05	2	1	60	0.15	4.5	0.02	2.5
"S27"	"grab"	"2018-06-07"		0.25	0.076	25	5.648	0.785	0.256	0	0	"Colorimetric Test"								
"S27"	"grab"	"2018-05-03"		0.5	0.152	0	0	0.35	0.114	0	0	"Colorimetric Test"								
"S28"	"grab"	"2019-04-30"		0.059	0.018	3.364	0.76	0.432	0.141	0.064	0.05	"Photometer"	0.05	2	1	60	0.15	4.5	0.02	2.5
"S28"	"grab"	"2019-06-12"		0.049	0.015	4.205	0.95	1.818	0.593	0.071	0.055	"Photometer"	0.05	2	1	60	0.15	4.5	0.02	2.5
"S28"	"grab"	"2019-05-21"		0.049	0.015	1.505	0.34	0.276	0.09	0.049	0.038	"Photometer"	0.05	2	1	60	0.15	4.5	0.02	2.5
"S28"	"grab"	"2019-07-02"		0.053	0.016	3.099	0.7	0.84	0.274	0.082	0.064	"Photometer"	0.05	2	1	60	0.15	4.5	0.02	2.5
"S28"	"eds"	"2019-06-12"	"2019-06-11"	0.085	0.026	3.054	0.69	0.141	0.046	0.049	0.038	"Photometer"	0.05	2	1	60	0.15	4.5	0.02	2.5
"S28"	"grab"	"2019-04-17"		0.092	0.028	6.95	1.57	0.193	0.063	0.08	0.062	"Photometer"	0.05	2	1	60	0.15	4.5	0.02	2.5
"S29"	"eds"	"2019-06-13"	"2019-06-12"	0.02	0.006	1.594	0.36	1.748	0.57	0.984	0.764	"Photometer"	0.05	2	1	60	0.15	4.5	0.02	2.5
"S29"	"grab"	"2019-07-02"		0.112	0.034	3.497	0.79	0.92	0.3	0.198	0.154	"Photometer"	0.05	2	1	60	0.15	4.5	0.02	2.5
"S29"	"grab"	"2019-04-30"		0.082	0.025	10.004	2.26	0.083	0.027	0.088	0.068	"Photometer"	0.05	2	1	60	0.15	4.5	0.02	2.5
"S29"	"grab"	"2019-04-16"		0.115	0.035	20.23	4.57	0	0	0.093	0.072	"Photometer"	0.05	2	1	60	0.15	4.5	0.02	2.5
"S29"	"grab"	"2019-05-21"		0.286	0.087	8.012	1.81	3.232	1.054	0.854	0.663	"Photometer"	0.05	2	1	60	0.15	4.5	0.02	2.5
"S30"	"grab"	"2019-04-16"		0.092	0.028	14.254	3.22	0.101	0.033	0.153	0.119	"Photometer"	0.05	2	1	60	0.15	4.5	0.02	2.5
"S30"	"grab"	"2019-05-23"		0.286	0.087	11.377	2.57	0.215	0.07	0.198	0.154	"Photometer"	0.05	2	1	60	0.15	4.5	0.02	2.5
"S30"	"grab"	"2019-05-02"		0.217	0.066	15.848	3.58	1.135	0.37	0.202	0.157	"Photometer"	0.05	2	1	60	0.15	4.5	0.02	2.5
"S30"	"grab"	"2019-06-14"		0.23	0.07	8.278	1.87	0.334	0.109	0.245	0.19	"Photometer"	0.05	2	1	60	0.15	4.5	0.02	2.5
"S30"	"eds"	"2019-06-14"	"2019-06-12"	0.365	0.111	9.562	2.16	0.619	0.202	1.147	0.891	"Photometer"	0.05	2	1	60	0.15	4.5	0.02	2.5
"S30"	"grab"	"2019-07-05"		0.299	0.091	10.978	2.48	0.696	0.227	0.153	0.119	"Photometer"	0.05	2	1	60	0.15	4.5	0.02	2.5
"S31"	"eds"	"2019-06-18"	"2019-06-15"	0.066	0.02	5.843	1.32	0.35	0.114	0.042	0.033	"Photometer"	0.05	2	1	60	0.15	4.5	0.02	2.5
"S31"	"grab"	"2019-04-15"		0.082	0.025	6.375	1.44	0.058	0.019	0.088	0.068	"Photometer"	0.05	2	1	60	0.15	4.5	0.02	2.5
"S31"	"grab"	"2019-05-02"		0.085	0.026	6.242	1.41	0.184	0.06	0.059	0.046	"Photometer"	0.05	2	1	60	0.15	4.5	0.02	2.5
"S31"	"grab"	"2019-07-05"		0.171	0.052	5.932	1.34	0.343	0.112	0.833	0.647	"Photometer"	0.05	2	1	60	0.15	4.5	0.02	2.5
"S31"	"grab"	"2019-06-14"		0.102	0.031	5.976	1.35	0.285	0.093	0.115	0.089	"Photometer"	0.05	2	1	60	0.15	4.5	0.02	2.5
"S31"	"grab"	"2019-05-23"		0.138	0.042	5.799	1.31	0.285	0.093	0.126	0.098	"Photometer"	0.05	2	1	60	0.15	4.5	0.02	2.5
"S32"	"grab"	"2018-10-15"		0	0	0	0	0.25	0.082	0	0	"Colorimetric Test"								
"S32"	"grab"	"2018-05-22"		0.25	0.076	5	1.129	0.5	0.163	0.25	0.194	"Colorimetric Test"								
"S32"	"eds"	"2018-05-30"	"2018-05-30"	0.75	0.228	10	2.259	0.5	0.163	0.5	0.388	"Colorimetric Test"								
"S32"	"grab"	"2018-06-04"		0.25	0.076	20	4.518	0.25	0.082	0.5	0.388	"Colorimetric Test"								
"S32"	"grab"	"2018-05-01"		1	0.304	10	2.259	0.75	0.245	0	0	"Colorimetric Test"								
"S33"	"grab"	"2018-05-22"		0.15	0.046	10	2.259	0	0	0	0	"Colorimetric Test"								
"S33"	"grab"	"2018-06-04"		0.05	0.015	10	2.259	0.25	0.082	0	0	"Colorimetric Test"								
"S33"	"grab"	"2018-05-01"		0.05	0.015	0	0	0.25	0.082	0	0	"Colorimetric Test"								
"S33"	"grab"	"2018-10-15"		0	0	0	0	0.25	0.082	1	0.776	"Colorimetric Test"								
"S34"	"grab"	"2018-10-17"		0	0	10	2.259	0.25	0.082	0	0	"Colorimetric Test"								
"S34"	"grab"	"2018-05-23"		0.25	0.076	10	2.259	0	0	0.25	0.194	"Colorimetric Test"								
"S34"	"grab"	"2018-06-06"		0.15	0.046	0	0	0.25	0.082	0	0	"Colorimetric Test"								
"S34"	"grab"	"2018-05-02"		0.15	0.046	5	1.129	0.25	0.082	0	0	"Colorimetric Test"								
"S34"	"eds"	"2018-05-13"	"2018-05-13"	0.15	0.046	50	11.295	0	0	5	3.882	"Colorimetric Test"								
"S34"	"eds"	"2018-06-10"	"2018-06-10"	0.5	0.152	5	1.129	0.25	0.082	0.25	0.194	"Colorimetric Test"								
"S35"	"eds"	"2018-05-30"	"2018-05-30"	0.25	0.076	10	2.259	0.25	0.082	0.25	0.194	"Colorimetric Test"								
"S35"	"eds"	"2018-05-15"	"2018-05-15"	1	0.304	10	2.259	0	0	0.5	0.388	"Colorimetric Test"								
"S35"	"grab"	"2019-04-10"		0.044	0.013	19.84	4.482	0	0	0.038	0.03	"Photometer"	0.05	2	1	60	0.15	4.5	0.02	2.5
"S35"	"grab"	"2019-06-12"		0.122	0.037	22.975	5.19	0.644	0.21	0.056	0.043	"Photometer"	0.05	2	1	60	0.15	4.5	0.02	2.5
"S35"	"grab"	"2018-10-16"		0.05	0.015	0.25	0.056	0.5	0.163	0	0	"Colorimetric Test"								
"S35"	"grab"	"2018-05-01"		0.5	0.152	0	0	0.25	0.082	0.5	0.388	"Colorimetric Test"								
"S35"	"eds"	"2019-06-12"	"2019-06-11"	0.729	0.222	18.548	4.19	2.202	0.718	0.815	0.633	"Photometer"	0.05	2	1	60	0.15	4.5	0.02	2.5
"S35"	"eds"	"2019-06-22"	"2019-06-20"	0.19	0.058	13.324	3.01	0.488	0.159	0.066	0.051	"Photometer"	0.05	2	1	60	0.15	4.5	0.02	2.5
"S35"	"grab"	"2018-06-06"		0.25	0.076	0	0	0.5	0.163	0	0	"Colorimetric Test"								
"S35"	"grab"	"2019-05-01"		0.099	0.03	13.09	2.957	0.037	0.012	0.05	0.039	"Photometer"	0.05	2	1	60	0.15	4.5	0.02	2.5
"S35"	"grab"	"2019-07-03"		0.049	0.015	13.723	3.1	0.141	0.046	0.051	0.04	"Photometer"	0.05	2	1	60	0.15	4.5	0.02	2.5
"S35"	"eds"	"2019-05-08"	"2019-05-07"	0.034	0.01	2.68	0.605	0	0	0.128	0.099	"Photometer"	0.05	2	1	60	0.15	4.5	0.02	2.5
"S35"	"eds"	"2019-06-12"	"2019-06-08"	0.259	0.079	11.377	2.57	0.322	0.105	0.071	0.055	"Photometer"	0.05	2	1	60	0.15	4.5	0.02	2.5
"S35"	"eds"	"2019-05-22"	"2019-05-20"	1.772	0.54	60.894	13.756	3.737	1.218	1.521	1.181	"Photometer"	0.05	2	1	60	1.5	15	0.02	2.5
"S35"	"eds"	"2019-04-28"	"2019-04-26"	0.043	0.013	11.55	2.609	0.055	0.018	0	0	"Photometer"	0.05	2	1	60	0.15	4.5	0.02	2.5
"S35"	"eds"	"2019-05-18"	"2019-05-16"	0.035	0.011	11.4	2.575	0	0	0	0	"Photometer"	0.05	2	1	60	1.5	15	0.02	2.5
"S36"	"eds"	"2018-06-21"	"2018-06-21"	0.05	0.015	10	2.259	0.25	0.082	0.25	0.194	"Colorimetric Test"								
"S36"	"grab"	"2018-05-04"		0.15	0.046	5	1.129	0	0	0	0	"Colorimetric Test"								
"S36"	"grab"	"2018-05-22"		0.25	0.076	10	2.259	0.25	0.082	0	0	"Colorimetric Test"								
"S36"	"grab"	"2018-10-15"										"Colorimetric Test"								
"S36"	"grab"	"2018-06-05"		0.15	0.046	2	0.452	0.25	0.082	0	0	"Colorimetric Test"								
"S37"	"grab"	"2019-05-22"		0.138	0.042	12.174	2.75	0.224	0.073	0.146	0.113	"Photometer"	0.05	2	1	60	0.15	4.5	0.02	2.5
"S37"	"grab"	"2019-07-09"		0.095	0.029	19.743	4.46	0.159	0.052	0.048	0.037	"Photometer"	0.05	2	1	60	0.15	4.5	0.02	2.5
"S37"	"grab"	"2019-06-13"		0.108	0.033	13.59	3.07	0.209	0.068	0.098	0.076	"Photometer"	0.05	2	1	60	0.15	4.5	0.02	2.5
"S37"	"grab"	"2019-05-01"		0.082	0.025	13.236	2.99	0.123	0.04	0.05	0.039	"Photometer"	0.05	2	1	60	0.15	4.5	0.02	2.5
"S37"	"grab"	"2019-04-12"		0.066	0.02	12.882	2.91	0	0	0.053	0.041	"Photometer"	0.05	2	1	60	0.15	4.5	0.02	2.5
"S38"	"eds"	"2019-06-12"		0.039	0.012	53.077	11.99	0	0	0.031	0.024	"Photometer"	0.05	2	1	60	0.15	4.5	0.02	2.5
"S38"	"grab"	"2019-06-12"		0.154	0.047	20.496	4.63	0.301	0.098	0.108	0.084	"Photometer"	0.05	2	1	60	0.15	4.5	0.02	2.5
"S38"	"grab"	"2019-07-03"				16.954	3.83	0.435	0.142			"Photometer"			1	60	0.15	4.5		
"S38"	"grab"	"2019-05-22"		0.099	0.03	69.874	15.785	0	0	0.035	0.027	"Photometer"	0.05	2	1	60	1.5	15	0.02	2.5
"S38"	"eds"	"2019-05-22"	"2019-05-20"	0.65	0.198	105.827	23.906	1.834	0.598	0.495	0.384	"Photometer"	0.05	2	1	60	1.5	15	0.02	2.5
"S38"	"grab"	"2019-05-01"		0.056	0.017	22.4	5.06	0	0	0.056	0.044	"Photometer"	0.05	2	1	60	0.15	4.5	0.02	2.5
"S38"	"grab"	"2019-04-09"		0	0	0.16	0.036	0	0	0.039	0.03	"Photometer"	0.05	2	1	60	0.15	4.5	0.02	2.5
"S39"	"grab"	"2019-07-03"				3.807	0.86	0.196	0.064			"Photometer"			1	60	0.15	4.5		
"S39"	"eds"	"2019-05-22"	"2019-05-20"	2.466	0.751	46.12	10.419	11.26	3.672	2.041	1.585	"Photometer"	0.05	2	1	60	1.5	15	0.02	2.5
"S39"	"eds"	"2019-06-05"	"2019-05-03"	0.184	0.056	11.996	2.71	0.359	0.117	0.6	0.466	"Photometer"	0.05	2	1	60	0.15	4.5	0.02	2.5
"S39"	"grab"	"2019-06-12"		0.171	0.052	7.393	1.67	0.141	0.046	0.182	0.141	"Photometer"	0.05	2	1	60	0.15	4.5	0.02	2.5
"S39"	"grab"	"2019-05-01"		0.072	0.022	7.24	1.636	1.736	0.566	0.054	0.042	"Photometer"	0.05	2	1	60	0.15	4.5	0.02	2.5
"S39"	"grab"	"2019-04-10"		0.063	0.019	15.29	3.454	8.54	2.785	0.048	0.037	"Photometer"	0.05	2	1	60	5	90	0.02	2.5
"S40"	"eds"	"2018-05-16"	"2018-05-16"	0.25	0.076	10	2.259	0	0	0	0	"Colorimetric Test"								
"S40"	"grab"	"2018-10-16"		0.15	0.046	0.5	0.113	0.25	0.082	0	0	"Colorimetric Test"								
"S40"	"eds"	"2018-05-30"	"2018-05-30"	0.15	0.046	25	5.648	0.75	0.245	0.5	0.388	"Colorimetric Test"								
"S40"	"eds"	"2018-06-21"	"2018-06-21"	0.25	0.076	25	5.648	0.25	0.082	0	0	"Colorimetric Test"								
"S40"	"grab"	"2018-06-06"		0.05	0.015	25	5.648	0	0	0	0	"Colorimetric Test"								
"S40"	"grab"	"2018-05-01"		0.5	0.152	0	0	0.75	0.245	0	0	"Colorimetric Test"								
"S41"	"grab"	"2018-06-05"		0.25	0.076	10	2.259	0.25	0.082	0.5	0.388	"Colorimetric Test"								
"S41"	"grab"	"2018-05-23"		0.25	0.076	10	2.259	0.25	0.082	0.5	0.388	"Colorimetric Test"								
"S41"	"grab"	"2018-05-02"		0.15	0.046	0	0	0	0	0.25	0.194	"Colorimetric Test"								
"S41"	"grab"	"2018-10-16"		0.15	0.046	10	2.259	0.25	0.082	3	2.329	"Colorimetric Test"								
"S42"	"grab"	"2018-05-02"		0	0	0	0	0	0	0	0	"Colorimetric Test"								
"S42"	"grab"	"2018-05-23"		0.05	0.015	0	0	0	0	0	0	"Colorimetric Test"								
"S42"	"grab"	"2018-06-05"		0.2	0.061	0	0	0.4	0.13	0	0	"Colorimetric Test"								
"S42"	"grab"	"2018-10-16"		0.15	0.046	5	1.129	0.5	0.163	0.75	0.582	"Colorimetric Test"								
"S43"	"grab"	"2019-06-13"		0.066	0.02	13.856	3.13	1.598	0.521	0.084	0.065	"Photometer"	0.05	2	1	60	0.15	4.5	0.02	2.5
"S43"	"eds"	"2018-05-15"	"2018-05-15"	0.5	0.152	10	2.259	0.25	0.082	0.5	0.388	"Colorimetric Test"								
"S43"	"grab"	"2018-10-16"		0	0	0	0	0.25	0.082	0	0	"Colorimetric Test"								
"S43"	"grab"	"2018-05-01"		1	0.304	10	2.259	0.25	0.082	0	0	"Colorimetric Test"								
"S43"	"eds"	"2019-06-13"	"2019-06-12"	0.171	0.052	4.869	1.1	0.196	0.064	0.054	0.042	"Photometer"	0.05	2	1	60	0.15	4.5	0.02	2.5
"S43"	"grab"	"2018-06-07"		0.05	0.015	0	0	0.25	0.082	0	0	"Colorimetric Test"								
"S43"	"grab"	"2019-05-23"		0.102	0.031	24.5	5.535	0.101	0.033			"Photometer"	0.05	2	1	60	1.5	15		
"S43"	"grab"	"2019-07-04"		0.039	0.012	5.356	1.21	0	0	0.053	0.041	"Photometer"	0.05	2	1	60	0.15	4.5	0.02	2.5
"S43"	"grab"	"2019-05-02"		0.078	0.024	10.32	2.331	1.394	0.455	0.001	0.001	"Photometer"	0.05	2	1	60	0.15	4.5	0.02	2.5
"S43"	"grab"	"2019-04-16"		0	0			2.826	0.922	1.13	0.877	"Photometer"	0.05	2			0.15	4.5	2.5	60
"S43"	"eds"	"2019-06-05"	"2019-06-03"	0.141	0.043	11.023	2.49	0.199	0.065	0.231	0.179	"Photometer"	0.05	2	1	60	0.15	4.5	0.02	2.5
"S43"	"eds"	"2018-05-30"	"2018-05-30"	0.2	0.061	10	2.259	0	0	0.5	0.388	"Colorimetric Test"								
"S43"	"eds"	"2019-06-01"	"2019-05-31"	0.207	0.063	10.049	2.27	0	0	0.015	0.012	"Photometer"	0.05	2	1	60	0.15	4.5	0.02	2.5
"S43"	"eds"	"2019-05-23"	"2019-05-20"	0.263	0.08	6.23	1.407	5.817	1.897	0.563	0.437	"Photometer"	0.05	2	1	60	1.5	15	0.02	2.5
"S43"	"eds"	"2019-06-22"	"2019-06-19"	0.489	0.149	10.093	2.28	0.304	0.099	0.049	0.038	"Photometer"	0.05	2	1	60	0.15	4.5	0.02	2.5
"S43"	"eds"	"2019-05-18"	"2019-05-16"	0.077	0.023	6.97	1.575	0.03	0.01	0	0	"Photometer"	0.05	2	1	60	1.5	15	0.02	2.5
"S43"	"eds"	"2019-04-28"	"2019-04-26"	0.076	0.023	8.68	1.961	0.074	0.024	0.103	0.08	"Photometer"	0.05	2	1	60	0.15	4.5	0.02	2.5
"S44"	"eds"	"2019-07-09"	"2019-07-06"	0.069	0.021	18.592	4.2	0.086	0.028	0.193	0.15	"Photometer"	0.05	2	1	60	0.15	4.5	0.02	2.5
"S44"	"eds"	"2019-06-07"	"2019-06-06"	1.46	0.445	8.868	2.003	0.205	0.067	0.162	0.126	"Photometer"	0.05	2	1	60	0.15	4.5	0.02	2.5
"S44"	"grab"	"2019-07-09"		1.264	0.385	22.488	5.08	0.117	0.038	0.044	0.034	"Photometer"	0.05	2	1	60	0.15	4.5	0.02	2.5
"S44"	"eds"	"2019-06-13"	"2019-06-12"	0.266	0.081	24.17	5.46	0.064	0.021	0.028	0.022	"Photometer"	0.05	2	1	60	0.15	4.5	0.02	2.5
"S44"	"grab"	"2019-05-02"		0.039	0.012	27.092	6.12	0.34	0.111	0.033	0.026	"Photometer"	0.05	2	1	60	0.15	4.5	0.02	2.5
"S44"	"grab"	"2019-05-23"		0.046	0.014	26.693	6.03	0.098	0.032	0.055	0.043	"Photometer"	0.05	2	1	60	0.15	4.5	0.02	2.5
"S44"	"grab"	"2019-04-17"		0.069	0.021	6.02	1.36	0.297	0.097	0.042	0.033	"Photometer"	0.05	2	1	60	0.15	4.5	0.02	2.5
"S44"	"grab"	"2019-06-13"		0.049	0.015	26.516	5.99	0	0	0.077	0.06	"Photometer"	0.05	2	1	60	0.15	4.5	0.02	2.5
"S45"	"grab"	"2019-07-09"		0.079	0.024	18.105	4.09	0.166	0.054	0.079	0.061	"Photometer"	0.05	2	1	60	0.15	4.5	0.02	2.5
"S45"	"eds"	"2019-06-21"	"2019-06-20"	0.371	0.113	24.214	5.47	0.034	0.011	2.364	1.836	"Photometer"	0.05	2	1	60	0.15	4.5	0.02	2.5
"S45"	"eds"	"2019-06-07"	"2019-06-06"	0.867	0.264	29.615	6.69	0.009	0.003	0.005	0.004	"Photometer"	0.05	2	1	60	0.15	4.5	0.02	2.5
"S45"	"grab"	"2019-06-13"		0.122	0.037	32.802	7.41	0.025	0.008	0.153	0.119	"Photometer"	0.05	2	1	60	0.15	4.5	0.02	2.5
"S45"	"grab"	"2019-04-17"		0.099	0.03	161.62	36.51	0.175	0.057	0.258	0.2	"Photometer"	0.05	2	22	155	0.15	4.5	0.02	2.5
"S45"	"grab"	"2019-05-02"		0.105	0.032	32.537	7.35	0.025	0.008	0.151	0.117	"Photometer"	0.05	2	1	60	0.15	4.5	0.02	2.5
"S45"	"grab"	"2019-05-23"		0.089	0.027	34.971	7.9	0.129	0.042	0.205	0.159	"Photometer"	0.05	2	1	60	0.15	4.5	0.02	2.5
"S46"	"grab"	"2018-06-06"		0	0	0	0	0.25	0.082	0	0	"Colorimetric Test"								
"S46"	"grab"	"2018-05-01"		1	0.304	10	2.259	0.5	0.163	0.5	0.388	"Colorimetric Test"								
"S46"	"grab"	"2018-10-16"		0.05	0.015	0	0	0.25	0.082	0	0	"Colorimetric Test"								
"S47"	"grab"	"2018-10-18"		0.1	0.03	5	1.129	0	0	0.25	0.194	"Colorimetric Test"								
"S47"	"grab"	"2018-06-06"		0.25	0.076	7	1.581	0	0	0.15	0.116	"Colorimetric Test"								
"S47"	"grab"	"2018-05-03"		0.15	0.046	25	5.648	0	0	0	0	"Colorimetric Test"								
"S47"	"grab"	"2018-05-24"		0.05	0.015	10	2.259	0	0	0	0	"Colorimetric Test"								
"S48"	"grab"	"2019-07-03"		0.043	0.013	3.099	0.7	1.165	0.38	2.079	1.614	"Photometer"	0.05	2	1	60	0.15	4.5	0.02	2.5
"S48"	"grab"	"2019-05-06"		0.062	0.019	3.94	0.89	0.126	0.041	0.031	0.024	"Photometer"	0.05	2	1	60	0.15	4.5	0.02	2.5
"S48"	"grab"	"2019-05-21"		0.026	0.008	1.771	0.4	6.194	2.02	0.024	0.019	"Photometer"	0.05	2	1	60	5	90	0.02	2.5
"S48"	"grab"	"2019-04-09"		0	0	0	0	0	0	0	0	"Photometer"	0.05	2	1	60	0.15	4.5	0.02	2.5
"S48"	"grab"	"2019-06-12"		0.079	0.024	2.7	0.61	1.963	0.64	0.227	0.176	"Photometer"	0.05	2	1	60	0.15	4.5	0.02	2.5
"S48"	"eds"	"2019-06-17"	"2019-06-14"	0.745	0.227	7.525	1.7	2.42	0.789	0.482	0.374	"Photometer"	0.05	2	1	60	0.15	4.5	0.02	2.5
"S49"	"eds"	"2019-06-13"	"2019-06-12"	0.2	0.061	17.264	3.9	0.27	0.088	0.124	0.096	"Photometer"	0.05	2	1	60	0.15	4.5	0.02	2.5
"S49"	"grab"	"2019-05-06"		0.099	0.03	14.121	3.19	0.052	0.017	0.072	0.056	"Photometer"	0.05	2	1	60	0.15	4.5	0.02	2.5
"S49"	"grab"	"2019-05-08"		0.112	0.034	11.864	2.68	0	0	0.156	0.121	"Photometer"	0.05	2	1	60	0.15	4.5	0.02	2.5
"S49"	"grab"	"2019-04-10"		0.089	0.027	16.689	3.77	0	0	0.108	0.084	"Photometer"	0.05	2	1	60	0.15	4.5	0.02	2.5
"S49"	"grab"	"2019-07-03"		0.069	0.021	18.946	4.28	0.031	0.01	0.059	0.046	"Photometer"	0.05	2	1	60	0.15	4.5	0.02	2.5
"S49"	"grab"	"2019-06-12"		0.105	0.032	17.176	3.88	0.055	0.018	0.088	0.068	"Photometer"	0.05	2	1	60	0.15	4.5	0.02	2.5
"S49"	"grab"	"2019-05-21"		0.105	0.032	17.441	3.94	0.199	0.065	0.079	0.061	"Photometer"	0.05	2	1	60	0.15	4.5	0.02	2.5
"S50"	"eds"	"2019-06-13"	"2019-06-12"	0.466	0.142	10.447	2.36	1.68	0.548	1.294	1.005	"Photometer"	0.05	2	1	60	0.15	4.5	0.02	2.5
"S50"	"grab"	"2019-05-21"		0.082	0.025	6.95	1.57	0.163	0.053	0.116	0.09	"Photometer"	0.05	2	1	60	0.15	4.5	0.02	2.5
"S50"	"grab"	"2019-07-03"		0.197	0.06	8.809	1.99	0.273	0.089	0.162	0.126	"Photometer"	0.05	2	1	60	0.15	4.5	0.02	2.5
"S50"	"eds"	"2019-06-05"	"2019-06-04"	0.102	0.031	2.036	0.46	0.279	0.091	0.511	0.397	"Photometer"	0.05	2	1	60	0.15	4.5	0.02	2.5
"S50"	"grab"	"2019-04-10"		0.158	0.048	16.069	3.63	0.301	0.098	0.917	0.712	"Photometer"	0.05	2	1	60	0.15	4.5	0.02	2.5
"S50"	"grab"	"2019-06-12"		0.25	0.076	8.057	1.82	0.193	0.063	0.229	0.178	"Photometer"	0.05	2	1	60	0.15	4.5	0.02	2.5
"S50"	"grab"	"2019-05-06"		0.108	0.033	8.544	1.93	0.181	0.059	0.107	0.083	"Photometer"	0.05	2	1	60	0.15	4.5	0.02	2.5
"S51"	"grab"	"2018-05-03"		0.05	0.015	25	5.648	0	0	0	0	"Colorimetric Test"								
"S51"	"grab"	"2018-10-18"		0.25	0.076	0	0	0.25	0.082	1	0.776	"Colorimetric Test"								
"S51"	"eds"	"2018-05-22"	"2018-05-22"	0.25	0.076	15	3.388	0.25	0.082	0.3	0.233	"Colorimetric Test"								
"S51"	"grab"	"2018-05-24"		0.15	0.046	25	5.648	0	0	0	0	"Colorimetric Test"								
"S51"	"grab"	"2018-06-06"		0.05	0.015	10	2.259	0.25	0.082	0	0	"Colorimetric Test"								
"S51"	"eds"	"2018-06-04"	"2018-06-04"	0.05	0.015	10	2.259	0	0	0	0	"Colorimetric Test"								
"S52"	"grab"	"2018-03-18"		0.01	0.003	2.2	0.497	0.2	0.065	0.1	0.078	"Colorimetric Test"								
"S52"	"grab"	"2018-07-10"		0.02	0.006	1.6	0.361	1.1	0.359	0.1	0.078	"Colorimetric Test"								
"S52"	"grab"	"2018-04-17"		0.02	0.006	2.2	0.497	0.3	0.098	0.3	0.233	"Colorimetric Test"								
"S52"	"grab"	"2018-05-09"		0.03	0.009	2.5	0.565	0.3	0.098	0.1	0.078	"Colorimetric Test"								
"S52"	"grab"	"2018-07-30"		0.02	0.006	1.5	0.339	0.7	0.228			"Colorimetric Test"								
"S52"	"grab"	"2018-06-20"		0.01	0.003	2.5	0.565	0.5	0.163	0.1	0.078	"Colorimetric Test"								
"S52"	"grab"	"2018-05-29"		0.01	0.003	1.4	0.316	0.9	0.293	0.1	0.078	"Colorimetric Test"								
"S53"	"grab"	"2018-07-11"		0.01	0.003	1.6	0.361	1.2	0.391	0.1	0.078	"Colorimetric Test"								
"S53"	"grab"	"2018-05-30"		0.02	0.006	1.6	0.361	2	0.652	0.1	0.078	"Colorimetric Test"								
"S53"	"grab"	"2018-06-21"		0.02	0.006	1.7	0.384	0.8	0.261	0.1	0.078	"Colorimetric Test"								
"S53"	"grab"	"2018-07-30"		0.02	0.006	1	0.226	0.8	0.261	0.1	0.078	"Colorimetric Test"								
"S53"	"grab"	"2019-06-11"		0.125	0.038	6.286	1.42	0.178	0.058	0.09	0.07	"Photometer"	0.05	2	1	60	0.15	4.5	0.02	2.5
"S53"	"eds"	"2018-07-21"	"2018-07-21"	0.02	0.006	1	0.226	2.5	0.815	0.2	0.155	"Colorimetric Test"								
"S53"	"grab"	"2019-05-20"		0.131	0.04	5.666	1.28	0.19	0.062	0.106	0.082	"Photometer"	0.05	2	1	60	0.15	4.5	0.02	2.5
"S53"	"grab"	"2019-04-29"		0.085	0.026	4.737	1.07	4.6	1.5	0.093	0.072	"Photometer"	0.05	2	1	60	0.15	4.5	0.02	2.5
"S53"	"grab"	"2018-04-19"		0.01	0.003	1.4	0.316	0.5	0.163	0.1	0.078	"Colorimetric Test"								
"S53"	"grab"	"2019-04-10"		0.076	0.023	3.099	0.7	0.153	0.05	0.126	0.098	"Photometer"	0.05	2	1	60	0.15	4.5	0.02	2.5
"S53"	"grab"	"2018-03-20"		0.01	0.003	1.6	0.361	0.2	0.065	0.1	0.078	"Colorimetric Test"								
"S53"	"grab"	"2019-07-01"		0.181	0.055	10.226	2.31	0.837	0.273	0.124	0.096	"Photometer"	0.05	2	1	60	0.15	4.5	0.02	2.5
"S53"	"grab"	"2018-05-08"		0.02	0.006	1.5	0.339	0.4	0.13	0.1	0.078	"Colorimetric Test"								
"S54"	"grab"	"2018-07-10"		0.01	0.003	1.8	0.407	0.7	0.228	0.1	0.078	"Colorimetric Test"								
"S54"	"grab"	"2018-04-18"		0.01	0.003	4.5	1.017	0.2	0.065	0.3	0.233	"Colorimetric Test"								
"S54"	"eds"	"2018-07-16"	"2018-07-16"	0.02	0.006	1.3	0.294	0.3	0.098	0.1	0.078	"Colorimetric Test"								
"S54"	"grab"	"2018-06-20"		0.01	0.003	1.8	0.407	1.8	0.587	0.1	0.078	"Colorimetric Test"								
"S54"	"grab"	"2018-05-29"		0.01	0.003	1.5	0.339	2	0.652	0.1	0.078	"Colorimetric Test"								
"S54"	"grab"	"2018-03-19"		0.01	0.003	4.3	0.971	0.6	0.196	0.1	0.078	"Colorimetric Test"								
"S54"	"grab"	"2018-07-30"		0.01	0.003	2.9	0.655	1	0.326	0.1	0.078	"Colorimetric Test"								
"S54"	"grab"	"2018-05-09"		0.01	0.003	3.3	0.745	0.5	0.163	0.1	0.078	"Colorimetric Test"								
"S55"	"grab"	"2018-05-29"		0.02	0.006	2.4	0.542	1.1	0.359	0.1	0.078	"Colorimetric Test"								
"S55"	"eds"	"2018-07-06"	"2018-07-06"	0.01	0.003	1	0.226	1.5	0.489	0.5	0.388	"Colorimetric Test"								
"S55"	"grab"	"2018-05-09"		0.02	0.006	1.7	0.384	0.4	0.13	0.1	0.078	"Colorimetric Test"								
"S55"	"grab"	"2018-07-10"		0.02	0.006	2.4	0.542	0.8	0.261	0.1	0.078	"Colorimetric Test"								
"S55"	"grab"	"2018-06-20"		0.02	0.006	1.6	0.361	1.2	0.391	0.1	0.078	"Colorimetric Test"								
"S55"	"grab"	"2018-04-18"		0.02	0.006	8.9	2.011	0.3	0.098	0.1	0.078	"Colorimetric Test"								
"S55"	"grab"	"2018-07-30"		0.01	0.003	2.2	0.497	0.9	0.293	0.1	0.078	"Colorimetric Test"								
"S55"	"grab"	"2018-03-19"		0.01	0.003	1.7	0.384	0.2	0.065	0.1	0.078	"Colorimetric Test"								
"S55"	"eds"	"2018-07-16"	"2018-07-16"	0.13	0.04	0.8	0.181	0.2	0.065	0.5	0.388	"Colorimetric Test"								
"S56"	"grab"	"2018-03-20"		0.01	0.003	1.6	0.361	0.2	0.065	0.1	0.078	"Colorimetric Test"								
"S56"	"grab"	"2018-05-30"		0.01	0.003	1.3	0.294	1.1	0.359	0.1	0.078	"Colorimetric Test"								
"S56"	"grab"	"2019-06-11"		0.066	0.02	7.437	1.68	0.592	0.193	0.062	0.048	"Photometer"	0.05	2	1	60	0.15	4.5	0.02	2.5
"S56"	"grab"	"2019-05-21"		0.207	0.063	7.525	1.7	0.702	0.229	0.118	0.092	"Photometer"	0.05	2	1	60	0.15	4.5	0.02	2.5
"S56"	"grab"	"2019-07-01"		0.118	0.036	10.846	2.45	1.248	0.407	0.086	0.067	"Photometer"	0.05	2	1	60	0.15	4.5	0.02	2.5
"S56"	"grab"	"2019-04-29"		0.072	0.022	5.622	1.27	0.199	0.065	0.059	0.046	"Photometer"	0.05	2	1	60	0.15	4.5	0.02	2.5
"S56"	"grab"	"2018-04-18"		0.03	0.009	2	0.452	1	0.326	0.1	0.078	"Colorimetric Test"								
"S56"	"grab"	"2018-06-21"		0.01	0.003	1.4	0.316	0.5	0.163	0.1	0.078	"Colorimetric Test"								
"S56"	"grab"	"2019-04-08"		0.066	0.02	7.393	1.67	0.264	0.086	0.04	0.031	"Photometer"	0.05	2	1	60	0.15	4.5	0.02	2.5
"S56"	"grab"	"2018-07-31"		0.01	0.003	1.5	0.339	0.4	0.13	0.2	0.155	"Colorimetric Test"								
"S56"	"eds"	"2018-07-21"	"2018-07-21"	0.08	0.024	1.1	0.248	1.4	0.457	1.5	1.165	"Colorimetric Test"								
"S56"	"grab"	"2018-05-08"		0.01	0.003	1.6	0.361	0.7	0.228	0.1	0.078	"Colorimetric Test"								
"S56"	"grab"	"2018-07-11"		0.01	0.003	1.3	0.294	1.4	0.457	0.1	0.078	"Colorimetric Test"								
"S57"	"grab"	"2019-04-08"		0.466	0.142	39.973	9.03	0.353	0.115	0.258	0.2	"Photometer"	0.05	2	1	60	0.15	4.5	0.02	2.5
"S57"	"grab"	"2019-07-01"		0.722	0.22	22.975	5.19	0.862	0.281	0.256	0.199	"Photometer"	0.05	2	1	60	0.15	4.5	0.02	2.5
"S57"	"grab"	"2019-05-21"		1.97	0.6	26.959	6.09	0.84	0.274	2.576	2	"Photometer"	0.05	2	1	60	0.15	4.5	0.02	2.5
"S57"	"grab"	"2019-04-29"		0.529	0.161	32.448	7.33	1.42	0.463	0.31	0.241	"Photometer"	0.05	2	1	60	0.15	4.5	0.02	2.5
"S57"	"grab"	"2019-06-11"		0.9	0.274	16.069	3.63	1.362	0.444	0.24	0.186	"Photometer"	0.05	2	1	60	0.15	4.5	0.02	2.5
"S58"	"grab"	"2018-05-30"		0.02	0.006	18	4.066	1.7	0.554	0.1	0.078	"Colorimetric Test"								
"S58"	"grab"	"2018-05-08"		0.01	0.003	2.5	0.565	0.6	0.196	0.1	0.078	"Colorimetric Test"								
"S58"	"grab"	"2019-05-21"		0.174	0.053	7.26	1.64	0.5	0.163	0.124	0.096	"Photometer"	0.05	2	1	60	0.15	4.5	0.02	2.5
"S58"	"grab"	"2018-07-11"		0.01	0.003	2.9	0.655	0.8	0.261	0.1	0.078	"Colorimetric Test"								
"S58"	"grab"	"2018-07-31"		0.01	0.003	2.8	0.633	0.5	0.163	0.1	0.078	"Colorimetric Test"								
"S58"	"grab"	"2019-06-11"		0.118	0.036	13.192	2.98	0.187	0.061	0.091	0.071	"Photometer"	0.05	2	1	60	0.15	4.5	0.02	2.5
"S58"	"grab"	"2019-04-08"		0.059	0.018	10.359	2.34	0.19	0.062	0.048	0.037	"Photometer"	0.05	2	1	60	0.15	4.5	0.02	2.5
"S58"	"grab"	"2018-03-20"		0.01	0.003	2	0.452	0.2	0.065	0.1	0.078	"Colorimetric Test"								
"S58"	"grab"	"2019-04-29"		0.069	0.021	10.27	2.32	0.153	0.05	0.07	0.054	"Photometer"	0.05	2	1	60	0.15	4.5	0.02	2.5
"S58"	"grab"	"2018-04-19"		0.01	0.003	2.2	0.497	0.5	0.163	0.1	0.078	"Colorimetric Test"								
"S58"	"grab"	"2018-06-21"		0.02	0.006	3.8	0.858	0.5	0.163	0.1	0.078	"Colorimetric Test"								
"S59"	"grab"	"2018-07-10"		0.02	0.006	2.7	0.61	0.4	0.13	0.1	0.078	"Colorimetric Test"								
"S59"	"grab"	"2018-04-17"		0.05	0.015	3.7	0.836	0.2	0.065	0.3	0.233	"Colorimetric Test"								
"S59"	"grab"	"2018-05-29"		0.01	0.003	1.5	0.339	1.6	0.522	0.1	0.078	"Colorimetric Test"								
"S59"	"grab"	"2018-07-30"		0.01	0.003	1.3	0.294	1	0.326	0.1	0.078	"Colorimetric Test"								
"S59"	"grab"	"2018-03-19"		0.03	0.009	1.6	0.361	0.2	0.065	0.2	0.155	"Colorimetric Test"								
"S59"	"grab"	"2019-06-12"		0.158	0.048	4.427	1	0.153	0.05	0.125	0.097	"Photometer"	0.05	2	1	60	0.15	4.5	0.02	2.5
"S59"	"grab"	"2019-05-20"		0.233	0.071	4.958	1.12	1.26	0.411	0.196	0.152	"Photometer"	0.05	2	1	60	0.15	4.5	0.02	2.5
"S59"	"grab"	"2018-06-20"		0.002	0.001	1.3	0.294	0.7	0.228	0.1	0.078	"Colorimetric Test"								
"S59"	"eds"	"2018-07-16"	"2018-07-16"	0.04	0.012	1	0.226	0.02	0.007	0.1	0.078	"Colorimetric Test"								
"S59"	"grab"	"2019-04-29"		0.273	0.083	4.869	1.1	0.301	0.098	0.255	0.198	"Photometer"	0.05	2	1	60	0.15	4.5	0.02	2.5
"S59"	"grab"	"2018-05-09"		0.01	0.003	1.1	0.248	0.3	0.098	0.1	0.078	"Colorimetric Test"								
"S59"	"grab"	"2019-07-03"		0.069	0.021	6.773	1.53	0.331	0.108	0.04	0.031	"Photometer"	0.05	2	1	60	0.15	4.5	0.02	2.5
"S59"	"grab"	"2019-04-10"		0.161	0.049	2.213	0.5	3.076	1.003	0.019	0.015	"Photometer"	0.05	2	1	60	0.15	4.5	0.02	2.5
"S60"	"grab"	"2019-07-03"		0.112	0.034	4.737	1.07	0.359	0.117	0.091	0.071	"Photometer"	0.05	2	1	60	0.15	4.5	0.02	2.5
"S60"	"grab"	"2018-03-19"		0.01	0.003	2.2	0.497	0.2	0.065	0.1	0.078	"Colorimetric Test"								
"S60"	"grab"	"2018-05-09"		0.02	0.006	1.6	0.361	0.3	0.098	0.1	0.078	"Colorimetric Test"								
"S60"	"grab"	"2018-05-29"		0.01	0.003	1	0.226	0.9	0.293	0.1	0.078	"Colorimetric Test"								
"S60"	"grab"	"2018-04-17"		0.01	0.003	2	0.452	0.2	0.065	0.2	0.155	"Colorimetric Test"								
"S60"	"grab"	"2019-06-12"		0.259	0.079	1.505	0.34	0.153	0.05	1.248	0.969	"Photometer"	0.05	2	1	60	0.15	4.5	0.02	2.5
"S60"	"grab"	"2018-07-30"		0.02	0.006	1.1	0.248	0.2	0.065	0.1	0.078	"Colorimetric Test"								
"S60"	"grab"	"2019-04-09"		0.069	0.021	1.549	0.35	0.153	0.05	0.019	0.015	"Photometer"	0.05	2	1	60	0.15	4.5	0.02	2.5
"S60"	"eds"	"2018-07-16"	"2018-07-16"	0.01	0.003	1	0.226	0.02	0.007	0.1	0.078	"Colorimetric Test"								
"S60"	"grab"	"2019-04-29"		0.082	0.025	6.507	1.47	0.196	0.064	0.094	0.073	"Photometer"	0.05	2	1	60	0.15	4.5	0.02	2.5
"S60"	"grab"	"2018-06-20"		0.01	0.003	1.6	0.361	0.6	0.196	0.1	0.078	"Colorimetric Test"								
"S60"	"grab"	"2019-05-20"		0.095	0.029	6.065	1.37	0.175	0.057	0.07	0.054	"Photometer"	0.05	2	1	60	0.15	4.5	0.02	2.5
"S60"	"grab"	"2018-07-10"		0.01	0.003	1	0.226	0.9	0.293	0.1	0.078	"Colorimetric Test"								
"S61"	"grab"	"2019-07-04"		0.053	0.016	23.152	5.23	0.028	0.009	0.063	0.049	"Photometer"	0.05	2	1	60	0.15	4.5	0.02	2.5
"S61"	"grab"	"2019-05-02"		0.085	0.026	24.745	5.59	0.239	0.078	0.027	0.021	"Photometer"	0.05	2	1	60	0.15	4.5	0.02	2.5
"S61"	"grab"	"2019-06-14"		0.112	0.034	24.745	5.59	0.11	0.036	0.127	0.099	"Photometer"	0.05	2	1	60	0.15	4.5	0.02	2.5
"S61"	"grab"	"2019-05-23"		0.102	0.031	23.152	5.23	0.166	0.054	0.049	0.038	"Photometer"	0.05	2	1	60	0.15	4.5	0.02	2.5
"S61"	"eds"	"2019-06-14"	"2019-06-10"	0.345	0.105	20.274	4.58	0.699	0.228	0.952	0.739	"Photometer"	0.05	2	1	60	0.15	4.5	0.02	2.5
"S61"	"grab"	"2019-04-08"		0.043	0.013	25.321	5.72	0	0	0	0	"Photometer"	0.05	2	1	60	0.15	4.5	0.02	2.5
"S62"	"grab"	"2018-06-13"		0.15	0.046	10	2.259	0	0	0	0	"Colorimetric Test"								
"S62"	"grab"	"2018-05-08"		0.15	0.046	17.5	3.953	0.125	0.041	0	0	"Colorimetric Test"								
"S63"	"grab"	"2018-05-08"		0.15	0.046	0	0	0.125	0.041	0	0	"Colorimetric Test"								
"S63"	"eds"	"2019-05-22"	"2019-05-21"	0.502	0.153	20.894	4.72	1.401	0.457	1.274	0.989	"Photometer"	0.05	2	1	60	0.15	4.5	0.02	2.5
"S63"	"grab"	"2019-05-01"		0.204	0.062	26.295	5.94	4.768	1.555	0.084	0.065	"Photometer"	0.05	2	1	60	0.15	4.5	0.02	2.5
"S63"	"grab"	"2019-06-13"		0.755	0.23	22.576	5.1	3.471	1.132	0.545	0.423	"Photometer"	0.05	2	1	60	0.15	4.5	0.02	2.5
"S63"	"grab"	"2019-07-05"		0.161	0.049	22.311	5.04	0.699	0.228	0.071	0.055	"Photometer"	0.05	2	1	60	0.15	4.5	0.02	2.5
"S63"	"grab"	"2018-06-14"		0.15	0.046	20	4.518	0.25	0.082	0	0	"Colorimetric Test"								
"S63"	"grab"	"2019-04-09"		0.102	0.031	31.164	7.04	0.031	0.01	0.058	0.045	"Photometer"	0.05	2	1	60	0.15	4.5	0.02	2.5
"S64"	"grab"	"2018-06-13"		0.05	0.015	0	0	0.25	0.082	0	0	"Colorimetric Test"								
"S64"	"grab"	"2018-05-08"		0.15	0.046	10	2.259	0.125	0.041	0	0	"Colorimetric Test"								
"S65"	"grab"	"2019-07-04"		0.056	0.017	20.584	4.65	0.031	0.01	0.006	0.005	"Photometer"	0.05	2	1	60	0.15	4.5	0.02	2.5
"S65"	"grab"	"2019-05-01"		0.079	0.024	23.772	5.37	5.495	1.792	0.033	0.026	"Photometer"	0.05	2	1	60	0.15	4.5	0.02	2.5
"S65"	"grab"	"2019-06-13"		0.059	0.018	17.84	4.03	0.083	0.027	0.045	0.035	"Photometer"	0.05	2	1	60	0.15	4.5	0.02	2.5
"S65"	"eds"	"2019-05-27"	"2019-05-26"	0.141	0.043	16.512	3.73	0	0	0	0	"Photometer"	0.05	2	1	60	0.15	4.5	0.02	2.5
"S65"	"grab"	"2019-05-22"		0.069	0.021	21.691	4.9	0.129	0.042	0.022	0.017	"Photometer"	0.05	2	1	60	0.15	4.5	0.02	2.5
"S65"	"grab"	"2019-04-09"		0.066	0.02	25.852	5.84	0	0	0.07	0.054	"Photometer"	0.05	2	1	60	0.15	4.5	0.02	2.5
"S65"	"eds"	"2019-06-13"	"2019-06-11"	0.089	0.027	16.91	3.82	5.44	1.774	0.014	0.011	"Photometer"	0.05	2	1	60	0.15	4.5	0.02	2.5
"S66"	"grab"	"2019-04-15"		0.116	0.035	28.36	6.407	0.06	0.02	1.26	0.978	"Photometer"	0.05	2	1	60	0.15	4.5	2.5	60
"S66"	"grab"	"2019-04-29"		0.197	0.06	28.28	6.388	0.221	0.072	0.046	0.035	"Photometer"	0.05	2	1	60	0.15	4.5	0.02	2.5
"S66"	"grab"	"2019-06-10"		0.102	0.031	18.814	4.25	0.31	0.101	0.047	0.036	"Photometer"	0.05	2	1	60	0.15	4.5	0.02	2.5
"S66"	"grab"	"2019-05-20"		0.125	0.038	21.39	4.832	0	0	0.045	0.035	"Photometer"	0.05	2	1	60	1.5	15	0.02	2.5
"S66"	"grab"	"2019-07-01"		0.072	0.022	22.886	5.17	0.469	0.153	0.054	0.042	"Photometer"	0.05	2	1	60	0.15	4.5	0.02	2.5
"S67"	"grab"	"2018-10-22"		0.15	0.046	5	1.129	0.25	0.082	0	0	"Colorimetric Test"								
"S67"	"grab"	"2018-06-08"		0.5	0.152	25	5.648	0.75	0.245	0	0	"Colorimetric Test"								
"S67"	"grab"	"2018-05-01"		0.75	0.228	50	11.295	0.75	0.245	0.25	0.194	"Colorimetric Test"								
"S68"	"grab"	"2018-06-08"		0.15	0.046	0	0	2.5	0.815	1	0.776	"Colorimetric Test"								
"S68"	"grab"	"2018-04-30"		1	0.304	10	2.259	0.25	0.082	0.25	0.194	"Colorimetric Test"								
"S68"	"eds"	"2018-06-25"	"2018-06-25"	0.375	0.114	17.5	3.953	1.5	0.489	0.25	0.194	"Colorimetric Test"								
"S68"	"eds"	"2018-06-02"	"2018-06-02"	1	0.304	10	2.259	3	0.978	0.5	0.388	"Colorimetric Test"								
"S69"	"grab"	"2018-10-22"		0.05	0.015	5	1.129	0.5	0.163	0	0	"Colorimetric Test"								
"S69"	"grab"	"2018-05-01"										"Colorimetric Test"								
"S69"	"grab"	"2018-06-08"		0.15	0.046	25	5.648	0.25	0.082	0	0	"Colorimetric Test"								
"S69"	"eds"	"2018-05-30"	"2018-05-30"	0.2	0.061	25	5.648	1.75	0.571	0.3	0.233	"Colorimetric Test"								
"S70"	"grab"	"2019-04-29"		0.183	0.056	78.7	17.778	1.485	0.484	0.033	0.026	"Photometer"	0.05	2	1	60	0.15	4.5	0.02	2.5
"S70"	"grab"	"2019-06-10"		0.23	0.07	108.588	24.53	0.23	0.075	0.167	0.13	"Photometer"	0.05	2	1	60	0.15	4.5	0.02	2.5
"S70"	"grab"	"2019-07-01"		0.184	0.056	109.562	24.75	0.319	0.104	0.089	0.069	"Photometer"	0.05	2	1	60	0.15	4.5	0.02	2.5
"S70"	"eds"	"2019-04-29"	"2019-04-26"	1.099	0.335	91.02	20.561	0.054	0.018	0.52	0.404	"Photometer"	0.05	2	1	60	0.15	4.5	0.02	2.5
"S70"	"eds"	"2019-06-25"	"2019-06-21"	1.179	0.359	4.56	1.03	0.607	0.198	1.581	1.228	"Photometer"	0.05	2	1	60	0.15	4.5	0.02	2.5
"S70"	"grab"	"2019-04-08"		0.21	0.064	96.505	21.8	0.082	0.027	0.045	0.035	"Photometer"	0.05	2	1	60	0.15	4.5	0.02	2.5
"S70"	"grab"	"2019-05-20"		0.19	0.058	70.601	15.949	4.762	1.553	0.091	0.071	"Photometer"	0.05	2	1	60	1.5	15	0.02	2.5
"S71"	"grab"	"2018-10-22"		0.25	0.076	20	4.518	0.5	0.163	0.2	0.155	"Colorimetric Test"								
"S71"	"eds"	"2018-05-21"	"2018-05-21"	1	0.304	50	11.295	0.25	0.082	0	0	"Colorimetric Test"								
"S71"	"grab"	"2018-06-08"										"Colorimetric Test"								
"S71"	"grab"	"2018-05-01"		0.75	0.228	75	16.942	0.5	0.163	0.2	0.155	"Colorimetric Test"								
"S72"	"grab"	"2018-04-30"		0.05	0.015	5	1.129	0.15	0.049	0	0	"Colorimetric Test"								
"S72"	"grab"	"2018-06-05"		0.05	0.015	0	0	0.25	0.082	0	0	"Colorimetric Test"								
"S72"	"eds"	"2018-05-18"	"2018-05-18"	0.15	0.046	2	0.452	0.2	0.065	0.5	0.388	"Colorimetric Test"								
"S73"	"eds"	"2018-05-31"	"2018-05-31"	0.5	0.152	10	2.259	0.5	0.163	0	0	"Colorimetric Test"								
"S73"	"grab"	"2018-06-05"		0.05	0.015	25	5.648	0.25	0.082	0.5	0.388	"Colorimetric Test"								
"S73"	"grab"	"2018-05-01"		0.05	0.015	10	2.259	0	0	0	0	"Colorimetric Test"								
"S73"	"grab"	"2018-10-15"		0.5	0.152	0	0	0.25	0.082	0	0	"Colorimetric Test"								
"S74"	"eds"	"2018-05-29"	"2018-05-29"	0.15	0.046	0	0	0.5	0.163	0	0	"Colorimetric Test"								
"S74"	"grab"	"2019-06-11"		0.072	0.022	1.549	0.35	0.451	0.147	0.056	0.043	"Photometer"	0.05	2	1	60	0.15	4.5	0.02	2.5
"S74"	"grab"	"2019-04-03"		0.036	0.011	2.789	0.63	0.104	0.034	0.019	0.015	"Photometer"	0.05	2	1	60	0.15	4.5	0.02	2.5
"S74"	"grab"	"2018-05-29"		0.15	0.046	0	0	0.5	0.163	0	0	"Colorimetric Test"								
"S74"	"grab"	"2018-10-24"		0	0	0	0	0.25	0.082	0	0	"Colorimetric Test"								
"S74"	"grab"	"2019-04-30"		0.118	0.036	4.42	0.998	0.212	0.069	0.108	0.084	"Photometer"	0.05	2	1	60	0.15	4.5	0.02	2.5
"S74"	"grab"	"2018-05-01"		0.15	0.046	10	2.259	0.25	0.082	0	0	"Colorimetric Test"								
"S74"	"eds"	"2019-06-04"	"2019-06-06"	0	0	1.948	0.44	0.445	0.145	0.113	0.088	"Photometer"	0.05	2	1	60	0.15	4.5	0.02	2.5
"S74"	"eds"	"2018-06-01"	"2018-06-01"	0.25	0.076	0	0	0.1	0.033	0	0	"Colorimetric Test"								
"S74"	"grab"	"2019-05-21"		0.141	0.043	74.502	16.83	0.117	0.038	0.095	0.074	"Photometer"	0.05	2	1	60	1.5	15	0.02	2.5
"S74"	"eds"	"2019-05-21"		0.076	0.023	73.263	16.55	0	0	0.035	0.027	"Photometer"	0.05	2	1	60	1.5	15	0.02	2.5
"S74"	"grab"	"2018-06-05"		0.15	0.046	0	0	0.75	0.245	0	0	"Colorimetric Test"								
"S75"	"grab"	"2019-05-24"		0.161	0.049	27.43	6.196	0.705	0.23	0.025	0.019	"Photometer"	0.05	2	1	60	1.5	15	0.02	2.5
"S75"	"grab"	"2019-04-11"		0.082	0.025	11.76	2.657	0	0	0.013	0.01	"Photometer"	0.05	2	1	60	0.15	4.5	0.02	2.5
"S75"	"eds"	"2019-06-21"	"2019-06-20"	0	0	8.632	1.95	0	0	0.094	0.073	"Photometer"	0.05	2	1	60	0.15	4.5	0.02	2.5
"S75"	"grab"	"2019-05-03"		0.111	0.034	23.77	5.37	0.052	0.017	0.022	0.017	"Photometer"	0.05	2	1	60	0.15	4.5	0.02	2.5
"S75"	"grab"	"2019-06-14"				15.361	3.47	0.301	0.098	0.263	0.204	"Photometer"			1	60	0.15	4.5	0.02	2.5
"S75"	"eds"	"2019-06-07"	"2019-06-03"	0	0	2.568	0.58	0.172	0.056	0.373	0.29	"Photometer"	0.05	2	1	60	0.15	4.5	0.02	2.5
"S75"	"eds"	"2019-05-24"	"2019-05-20"	0.003	0.001	22.75	5.139	0.006	0.002	0	0	"Photometer"	0.05	2	1	60	1.5	15	0.02	2.5
"S75"	"eds"	"2019-06-14"	"2019-06-12"	0.365	0.111	11.067	2.5	0.006	0.002	0.048	0.037	"Photometer"	0.05	2	1	60	0.15	4.5	0.02	2.5
"S75"	"eds"	"2019-05-03"	"2019-04-30"	0.255	0.078	21.03	4.751	0	0	0.017	0.013	"Photometer"	0.05	2	1	60	0.15	4.5	0.02	2.5
"S76"	"grab"	"2018-10-15"		0.25	0.076	0	0	0.25	0.082	0	0	"Colorimetric Test"								
"S76"	"eds"	"2019-05-21"	"2019-05-20"	0.276	0.084	13.324	3.01	0.196	0.064	0.317	0.246	"Photometer"	0.05	2	1	60	1.5	15	0.02	2.5
"S76"	"eds"	"2019-05-13"	"2019-05-11"	0.122	0.037	21.13	4.773	0.107	0.035	0.002	0.002	"Photometer"	0.05	2	1	60	0.15	4.5	0.02	2.5
"S76"	"grab"	"2019-05-21"		0.131	0.04	10.491	2.37	0.101	0.033	0.088	0.068	"Photometer"	0.05	2	1	60	1.5	15	0.02	2.5
"S76"	"grab"	"2018-05-01"		0.15	0.046	10	2.259	0.5	0.163	0	0	"Colorimetric Test"								
"S76"	"grab"	"2019-04-16"		0.094	0.029	19.87	4.489	0.148	0.048	0.054	0.042	"Photometer"	0.05	2	1	60	0.15	4.5	0.02	2.5
"S76"	"grab"	"2019-06-11"		0.282	0.086	25.277	5.71	0.813	0.265	0.252	0.196	"Photometer"	0.05	2	1	60	0.15	4.5	0.02	2.5
"S76"	"grab"	"2019-07-02"				22.045	4.98	1.558	0.508			"Photometer"			1	60	0.15	4.5		
"S76"	"grab"	"2018-06-05"		0.05	0.015	10	2.259	0.25	0.082	0	0	"Colorimetric Test"								
"S76"	"eds"	"2019-04-28"	"2019-04-27"	0.204	0.062	20.85	4.71	0	0	0	0	"Photometer"	0.05	2	1	60	0.15	4.5	0.02	2.5
"S76"	"grab"	"2019-04-30"		0.084	0.026	18.44	4.166	0.134	0.044	0.083	0.064	"Photometer"	0.05	2	1	60	0.15	4.5	0.02	2.5
"S77"	"eds"	"2018-06-01"	"2018-06-01"	0.15	0.046	10	2.259	0.75	0.245	0.5	0.388	"Colorimetric Test"								
"S77"	"grab"	"2018-06-07"		0.05	0.015	10	2.259	0.25	0.082	0	0	"Colorimetric Test"								
"S77"	"eds"	"2018-06-14"	"2018-06-14"	0.15	0.046	25	5.648	0	0	0.5	0.388	"Colorimetric Test"								
"S77"	"eds"	"2018-06-24"	"2018-06-24"	0.15	0.046	10	2.259	0.5	0.163	0.25	0.194	"Colorimetric Test"								
"S77"	"grab"	"2018-10-17"		0.15	0.046	0	0	0.25	0.082	0	0	"Colorimetric Test"								
"S77"	"grab"	"2018-05-01"		0.15	0.046	25	5.648	0.25	0.082	0	0	"Colorimetric Test"								
"S77"	"eds"	"2018-05-24"	"2018-05-24"	0.15	0.046	25	5.648	0.25	0.082	0	0	"Colorimetric Test"								
"S78"	"grab"	"2019-05-02"		0.056	0.017	43.57	9.842	2.395	0.781	0.008	0.007	"Photometer"	0.05	2	1	60	0.15	4.5	0.02	2.5
"S78"	"eds"	"2019-05-23"	"2019-05-20"	0.079	0.024	38.16	8.62	0	0	0.048	0.037	"Photometer"	0.05	2	1	60	1.5	15	0.02	2.5
"S78"	"eds"	"2019-06-13"	"2019-06-12"	0.647	0.197	32.404	7.32	1.938	0.632	0.452	0.351	"Photometer"	0.05	2	1	60	0.15	4.5	0.02	2.5
"S78"	"grab"	"2019-04-12"		0.059	0.018	46.73	10.556	0.03	0.01	0.029	0.023	"Photometer"	0.05	2	1	60	0.15	4.5	0.02	2.5
"S78"	"grab"	"2019-05-23"		0.056	0.017	41.77	9.436	0	0			"Photometer"	0.05	2	1	60	1.5	15		
"S78"	"eds"	"2019-07-04"		0.745	0.227	5.799	1.31	4.882	1.592	1.012	0.786	"Photometer"	0.05	2	1	60	0.15	4.5	0.02	2.5
"S78"	"eds"	"2019-06-18"	"2019-06-16"	0.325	0.099	38.158	8.62	0.626	0.204	0.244	0.189	"Photometer"	0.05	2	1	60	0.15	4.5	0.02	2.5
"S78"	"grab"	"2018-05-01"		0.15	0.046	50	11.295	0	0	0	0	"Colorimetric Test"								
"S78"	"grab"	"2018-06-07"		0.05	0.015	10	2.259	0.5	0.163	0	0	"Colorimetric Test"								
"S78"	"grab"	"2019-07-04"		0.144	0.044	39.265	8.87	0.307	0.1	0.117	0.091	"Photometer"	0.05	2	1	60	0.15	4.5	0.02	2.5
"S78"	"grab"	"2018-10-17"		0.05	0.015	25	5.648	0.25	0.082	0	0	"Colorimetric Test"								
"S78"	"grab"	"2019-06-13"		0.204	0.062	35.591	8.04	0.156	0.051	0.103	0.08	"Photometer"	0.05	2	1	60	0.15	4.5	0.02	2.5
"S79"	"grab"	"2018-06-05"		0.15	0.046	10	2.259	0.5	0.163	0.5	0.388	"Colorimetric Test"								
"S79"	"grab"	"2018-05-01"		0.05	0.015	10	2.259	0.25	0.082	0	0	"Colorimetric Test"								
"S79"	"grab"	"2018-10-15"		0.15	0.046	0	0	0.25	0.082	0	0	"Colorimetric Test"								
"S80"	"grab"	"2019-05-02"		0.241	0.073	9.71	2.193	0.369	0.12	0.159	0.123	"Photometer"	0.05	2	1	60	0.15	4.5	0.02	2.5
"S80"	"grab"	"2019-05-23"				9.14	2.065	1.374	0.448			"Photometer"			1	60	1.5	15		
"S80"	"grab"	"2019-07-04"		0.2	0.061	2.568	0.58	0.684	0.223	0.072	0.056	"Photometer"	0.05	2	1	60	0.15	4.5	0.02	2.5
"S80"	"eds"	"2019-05-13"	"2019-05-11"	0.181	0.055	8.82	1.992	0.442	0.144	0.074	0.058	"Photometer"	0.05	2	1	60	0.15	4.5	0.02	2.5
"S80"	"eds"	"2019-06-13"	"2019-06-12"	0.437	0.133	7.924	1.79	1.622	0.529	0.224	0.174	"Photometer"	0.05	2	1	60	0.15	4.5	0.02	2.5
"S80"	"grab"	"2019-06-13"		0.059	0.018	9.075	2.05	0.159	0.052	0.03	0.023	"Photometer"	0.05	2	1	60	0.15	4.5	0.02	2.5
"S80"	"grab"	"2019-04-11"		0.071	0.022	11.07	2.501	0	0	0.015	0.012	"Photometer"	0.05	2	1	60	0.15	4.5	0.02	2.5
"S80"	"eds"	"2019-05-22"	"2019-05-20"	0.351	0.107	12.218	2.76	1.162	0.379	0.286	0.222	"Photometer"	0.05	2	1	60	1.5	15	0.02	2.5
"S80"	"eds"	"2019-04-28"	"2019-04-26"	0.292	0.089	15.317	3.46	1.049	0.342	0.403	0.313	"Photometer"	0.05	2	1	60	0.15	4.5	0.02	2.5
"S80"	"eds"	"2019-05-18"	"2019-05-16"	0.112	0.034	8.38	1.893	0.03	0.01	0.008	0.006	"Photometer"	0.05	2	1	60	1.5	15	0.02	2.5
"S81"	"eds"	"2019-05-03"		0.212	0.065	42.51	9.603	0.127	0.041	0.02	0.016	"Photometer"	0.05	2	1	60	0.15	4.5	0.02	2.5
"S81"	"eds"	"2019-05-13"	"2019-05-11"	0.233	0.071	2.57	0.581	0.101	0.033	0.591	0.459	"Photometer"	0.05	2	1	60	0.15	4.5	0.02	2.5
"S81"	"grab"	"2019-06-14"		0.148	0.045	42.275	9.55	1.362	0.444	0.117	0.091	"Photometer"	0.05	2	1	60	0.15	4.5	0.02	2.5
"S81"	"grab"	"2019-07-05"		0.171	0.052	51.926	11.73	0.353	0.115	0.111	0.086	"Photometer"	0.05	2	1	60	0.15	4.5	0.02	2.5
"S81"	"grab"	"2019-05-24"		0.118	0.036	46.3	10.459	0.015	0.005	0.033	0.026	"Photometer"	0.05	2	1	60	1.5	15	0.02	2.5
"S81"	"eds"	"2019-06-14"	"2019-06-12"	0.594	0.181	12.041	2.72	1.086	0.354	0.7	0.544	"Photometer"	0.05	2	1	60	0.15	4.5	0.02	2.5
"S81"	"grab"	"2019-05-03"		0.165	0.05	52.16	11.783	0	0	0.05	0.039	"Photometer"	0.05	2	1	60	0.15	4.5	0.02	2.5
"S81"	"grab"	"2019-04-12"		0.171	0.052	53.4	12.063	1.515	0.494	0.03	0.023	"Photometer"	0.05	2	1	60	0.15	4.5	0.02	2.5
"S81"	"eds"	"2019-05-22"	"2019-05-20"	0.302	0.092	22.78	5.146	0	0	0.199	0.155	"Photometer"	0.05	2	1	60	1.5	15	0.02	2.5
"S82"	"grab"	"2018-06-07"		0.25	0.076	0	0	0.25	0.082	0	0	"Colorimetric Test"								
"S82"	"grab"	"2018-05-01"		0.15	0.046	10	2.259	0.25	0.082	0	0	"Colorimetric Test"								
"S82"	"eds"	"2018-05-15"	"2018-05-15"	0.15	0.046	0.25	0.056	0.25	0.082	0.25	0.194	"Colorimetric Test"								
"S83"	"grab"	"2019-05-07"		0.062	0.019	78.088	17.64	0	0	0.026	0.02	"Photometer"	0.05	2	1	60	0.15	4.5	0.02	2.5
"S83"	"grab"	"2019-04-08"		0.072	0.022	51.571	11.65	0.006	0.002	0.012	0.009	"Photometer"	0.05	2	1	60	0.15	4.5	0.02	2.5
"S83"	"grab"	"2019-06-11"		0.266	0.081	63.878	14.43	0.42	0.137	0.122	0.095	"Photometer"	0.05	2	1	60	0.15	4.5	0.02	2.5
"S83"	"grab"	"2019-05-20"		0.095	0.029	64.055	14.47	0.077	0.025	0.035	0.027	"Photometer"	0.05	2	1	60	0.15	4.5	0.02	2.5
"S83"	"eds"	"2019-06-14"	"2019-06-11"	2.745	0.836	101.549	22.94	9.006	2.937	2.395	1.86	"Photometer"	0.05	2	1	60	0.15	4.5	0.02	2.5
"S83"	"grab"	"2019-07-02"		0.108	0.033	77.955	17.61	0.205	0.067	0.049	0.038	"Photometer"	0.05	2	1	60	0.15	4.5	0.02	2.5
"S84"	"grab"	"2018-05-03"		0.05	0.015	0	0	0	0	0	0	"Colorimetric Test"								
"S84"	"grab"	"2018-10-15"		0	0	2	0.452	0.5	0.163	0.15	0.116	"Colorimetric Test"								
"S84"	"grab"	"2018-06-05"		0.15	0.046	0	0	0.3	0.098	0	0	"Colorimetric Test"								
"S85"	"eds"	"2018-05-24"	"2018-05-24"	0.2	0.061	10	2.259	2	0.652	3	2.329	"Colorimetric Test"								
"S85"	"grab"	"2018-05-04"		0.5	0.152	0	0	0.75	0.245	0.5	0.388	"Colorimetric Test"								
"S85"	"eds"	"2018-05-27"	"2018-05-27"	1	0.304	25	5.648	1.2	0.391	2	1.553	"Colorimetric Test"								
"S85"	"grab"	"2018-06-05"		1	0.304	0	0	0.5	0.163	0.2	0.155	"Colorimetric Test"								
"S85"	"grab"	"2018-10-15"		0.05	0.015	3	0.678	0.75	0.245	0.1	0.078	"Colorimetric Test"								
"S86"	"grab"	"2019-05-20"		0.7	0.213	8.145	1.84	0.577	0.188	2.92	2.267	"Photometer"	0.05	2	1	60	0.15	4.5	0.02	2.5
"S86"	"grab"	"2019-06-11"		0.197	0.06	2.258	0.51	5.422	1.768	2.437	1.892	"Photometer"	0.05	2	1	60	0.15	4.5	0.02	2.5
"S86"	"eds"	"2019-05-27"	"2019-06-21"	1.356	0.413	553.475	125.03	0.748	0.244	2.623	2.037	"Photometer"	0.05	2	1	60	0.15	4.5	0.02	2.5
"S86"	"grab"	"2019-04-29"		0.256	0.078	4.914	1.11	2.34	0.763	0.474	0.368	"Photometer"	0.05	2	1	60	0.15	4.5	0.02	2.5
"S86"	"grab"	"2019-04-15"		0.213	0.065	10.978	2.48	1.073	0.35	1.24	0.963	"Photometer"	0.05	2	1	60	0.15	4.5	0.02	2.5
"S87"	"grab"	"2018-06-06"		0.15	0.046	0	0	0.25	0.082	0.5	0.388	"Colorimetric Test"								
"S87"	"grab"	"2018-05-02"		0.5	0.152	0	0	0.5	0.163	0.5	0.388	"Colorimetric Test"								
"S88"	"grab"	"2018-05-03"		0.05	0.015	10	2.259	0.25	0.082	0	0	"Colorimetric Test"								
"S88"	"grab"	"2018-06-12"		0.15	0.046	10	2.259	0.25	0.082	0	0	"Colorimetric Test"								
"S89"	"grab"	"2018-05-03"		0.15	0.046	5	1.129	0.25	0.082	0	0	"Colorimetric Test"								
"S89"	"grab"	"2018-06-07"		0.25	0.076	10	2.259	0.25	0.082	0.25	0.194	"Colorimetric Test"								
"S90"	"grab"	"2019-06-12"		0.144	0.044	6.375	1.44	0.021	0.007	0.035	0.027	"Photometer"	0.05	2	1	60	0.15	4.5	0.02	2.5
"S90"	"grab"	"2019-04-18"		0.122	0.037	14.21	3.21	0.699	0.228	0.039	0.03	"Photometer"	0.05	2	1	60	0.15	4.5	0.02	2.5
"S90"	"grab"	"2019-05-21"		0.259	0.079	8.853	2	0.163	0.053	0.046	0.036	"Photometer"	0.05	2	1	60	0.15	4.5	0.02	2.5
"S90"	"grab"	"2019-04-30"		0.092	0.028	9.695	2.19	0.095	0.031	0.033	0.026	"Photometer"	0.05	2	1	60	0.15	4.5	0.02	2.5
"S90"	"grab"	"2019-07-02"		0.213	0.065	9.65	2.18	0	0	0.017	0.013	"Photometer"	0.05	2	1	60	0.15	4.5	0.02	2.5
"S91"	"grab"	"2018-05-23"		0.15	0.046	25	5.648	0	0	0	0	"Colorimetric Test"								
"S91"	"grab"	"2018-05-04"		0.05	0.015	25	5.648	0.25	0.082	0	0	"Colorimetric Test"								
"S91"	"grab"	"2018-06-05"		0.15	0.046	25	5.648	0.25	0.082	0	0	"Colorimetric Test"								
"S91"	"grab"	"2018-10-16"		0.15	0.046	25	5.648	0	0	0	0	"Colorimetric Test"								
"S92"	"eds"	"2019-05-15"	"2019-05-09"	0.217	0.066	6.861	1.55	0.399	0.13	0.783	0.608	"Photometer"	0.05	2	1	60	0.15	4.5	0.02	2.5
"S92"	"eds"	"2019-06-12"	"2019-06-11"	0.348	0.106	5.755	1.3	0.586	0.191	0.382	0.297	"Photometer"	0.05	2	1	60	0.15	4.5	0.02	2.5
"S92"	"grab"	"2019-04-11"		0.164	0.05	19.345	4.37	0.092	0.03	0.367	0.285	"Photometer"	0.05	2	1	60	0.15	4.5	0.02	2.5
"S92"	"grab"	"2019-05-22"		0.079	0.024	3.63	0.82	0.245	0.08	0.122	0.095	"Photometer"	0.05	2	1	60	0.15	4.5	0.02	2.5
"S92"	"grab"	"2019-06-12"		0.171	0.052	2.966	0.67	0.319	0.104	0.278	0.216	"Photometer"	0.05	2	1	60	0.15	4.5	0.02	2.5
"S92"	"grab"	"2019-07-04"		0.059	0.018	1.239	0.28	0.475	0.155	0.321	0.249	"Photometer"	0.05	2	1	60	0.15	4.5	0.02	2.5
"S92"	"grab"	"2019-05-01"		0.059	0.018	4.117	0.93	0.15	0.049	0.042	0.033	"Photometer"	0.05	2	1	60	0.15	4.5	0.02	2.5
"S93"	"grab"	"2019-04-11"		0.082	0.025	24.657	5.57	0.251	0.082	0.095	0.074	"Photometer"	0.05	2	1	60	0.15	4.5	0.02	2.5
"S93"	"grab"	"2019-07-04"		0.144	0.044	6.507	1.47	0.503	0.164	0.352	0.273	"Photometer"	0.05	2	1	60	0.15	4.5	0.02	2.5
"S93"	"grab"	"2019-05-01"		0.059	0.018	17.751	4.01	0.147	0.048	0.077	0.06	"Photometer"	0.05	2	1	60	0.15	4.5	0.02	2.5
"S93"	"grab"	"2019-06-13"		0.148	0.045	11.155	2.52	0.265	0.086	0.173	0.134	"Photometer"	0.05	2	1	60	0.15	4.5	0.02	2.5
"S93"	"grab"	"2019-07-04"		0.144	0.044	6.507	1.47	0.503	0.164	0.352	0.273	"Photometer"	0.05	2	1	60	0.15	4.5	0.02	2.5
"S93"	"grab"	"2019-05-22"		0.072	0.022	10.713	2.42	0.245	0.08	0.176	0.137	"Photometer"	0.05	2	1	60	0.15	4.5	0.02	2.5
"S94"	"grab"	"2018-05-03"		0.25	0.076	50	11.295	0.25	0.082	0.25	0.194	"Colorimetric Test"								
"S94"	"grab"	"2018-05-24"		0.25	0.076	50	11.295	0.1	0.033	0	0	"Colorimetric Test"								
"S94"	"grab"	"2018-06-06"		0.15	0.046	50	11.295	0.25	0.082	0	0	"Colorimetric Test"								
"S94"	"grab"	"2018-10-17"		0.25	0.076	10	2.259	0.25	0.082	1	0.776	"Colorimetric Test"								
"S95"	"grab"	"2019-05-20"		0.039	0.012	2.169	0.49	0.08	0.026	0.082	0.064	"Photometer"	0.05	2	1	60	0.15	4.5	0.02	2.5
"S95"	"grab"	"2019-05-06"		0.095	0.029	6.817	1.54	0.101	0.033	0.091	0.071	"Photometer"	0.05	2	1	60	0.15	4.5	0.02	2.5
"S95"	"eds"	"2019-06-11"	"2019-06-11"	0.279	0.085	9.517	2.15	0.389	0.127	0.048	0.037	"Photometer"	0.05	2	1	60	0.15	4.5	0.02	2.5
"S95"	"grab"	"2019-06-11"		0.2	0.061	8.544	1.93	0.435	0.142	0.061	0.047	"Photometer"	0.05	2	1	60	0.15	4.5	0.02	2.5
"S95"	"eds"	"2019-05-21"	"2019-05-21"	0.102	0.031	4.028	0.91	0.184	0.06	0.228	0.177	"Photometer"	0.05	2	1	60	0.15	4.5	0.02	2.5
"S95"	"grab"	"2019-04-09"		0.171	0.052	25.454	5.75	0.08	0.026	0.067	0.052	"Photometer"	0.05	2	1	60	0.15	4.5	0.02	2.5
"S96"	"grab"	"2019-05-22"		0.105	0.032	8.189	1.85	0.163	0.053	0.185	0.144	"Photometer"	0.05	2	1	60	0.15	4.5	0.02	2.5
"S96"	"grab"	"2019-06-13"		0.092	0.028	6.684	1.51	2.809	0.916	0.149	0.116	"Photometer"	0.05	2	1	60	0.15	4.5	0.02	2.5
"S96"	"grab"	"2019-05-01"		0.112	0.034	8.721	1.97	4.517	1.473	0.176	0.137	"Photometer"	0.05	2	1	60	0.15	4.5	0.02	2.5
"S96"	"grab"	"2019-07-04"		0.089	0.027	8.012	1.81	0.126	0.041	0.117	0.091	"Photometer"	0.05	2	1	60	0.15	4.5	0.02	2.5
"S96"	"grab"	"2019-04-09"		0.115	0.035	10.181	2.3	0	0	0.24	0.186	"Photometer"	0.05	2	1	60	0.15	4.5	0.02	2.5
"S97"	"grab"	"2019-04-08"		0	0	15.73	3.553	0.086	0.028	0.035	0.027	"Photometer"	0.05	2	1	60	0.15	4.5	0.02	2.5
"S97"	"grab"	"2019-06-10"		0.167	0.051	14.83	3.35	0.665	0.217	0.079	0.061	"Photometer"	0.05	2	1	60	0.15	4.5	0.02	2.5
"S97"	"grab"	"2019-07-01"		0.167	0.051	13.59	3.07	0.902	0.294	0.12	0.093	"Photometer"	0.05	2	1	60	0.15	4.5	0.02	2.5
"S97"	"grab"	"2019-04-29"		0.253	0.077	14.3	3.23	0.497	0.162	0.239	0.186	"Photometer"	0.05	2	1	60	0.15	4.5	0.02	2.5
"S97"	"grab"	"2019-05-20"		0.24	0.073	0.126	0.029	0.301	0.098	0.113	0.088	"Photometer"	0.05	2	1	60	1.5	15	0.02	2.5
"S98"	"eds"	"2019-06-13"	"2019-06-12"	1.622	0.494	15.803	3.57	0	0	0.145	0.113	"Photometer"	0.05	2	1	60	0.15	4.5	0.02	2.5
"S98"	"grab"	"2019-07-04"		0.072	0.022	12.129	2.74	0.212	0.069	0.029	0.023	"Photometer"	0.05	2	1	60	0.15	4.5	0.02	2.5
"S98"	"grab"	"2018-10-17"		0.25	0.076	10	2.259	0.5	0.163	0	0	"Colorimetric Test"								
"S98"	"grab"	"2018-05-01"		0.15	0.046	10	2.259	0	0	0	0	"Colorimetric Test"								
"S98"	"eds"	"2019-05-23"	"2019-05-20"	0.095	0.029	10.01	2.261	0.221	0.072			"Photometer"	0.05	2	1	60	1.5	15		
"S98"	"eds"	"2019-06-06"	"2019-06-03"	0.906	0.276	9.827	2.22	0.58	0.189	0.345	0.268	"Photometer"	0.05	2	1	60	0.15	4.5	0.02	2.5
"S98"	"eds"	"2018-06-08"	"2018-06-08"	0.5	0.152	25	5.648	0.5	0.163	0	0	"Colorimetric Test"								
"S98"	"eds"	"2019-05-29"	"2019-05-28"	0.286	0.087	37.74	8.525	0.359	0.117	0.294	0.228	"Photometer"	0.05	2	1	60	1.5	15	0.02	2.5
"S98"	"eds"	"2019-05-18"	"2019-05-16"	0.551	0.168	11.39	2.573	0.33	0.108	1.278	0.992	"Photometer"	0.05	2	1	60	1.5	15	0.02	2.5
"S98"	"eds"	"2019-05-13"	"2019-05-11"	0.624	0.19	7.15	1.615	0.242	0.079	0.229	0.178	"Photometer"	0.05	2	1	60	0.15	4.5	0.02	2.5
"S98"	"grab"	"2019-04-12"		0.082	0.025	14.34	3.239	0.006	0.002	0.046	0.036	"Photometer"	0.05	2	1	60	0.15	4.5	0.02	2.5
"S98"	"eds"	"2018-05-16"	"2018-05-16"	0.25	0.076	10	2.259	0.5	0.163	0	0	"Colorimetric Test"								
"S98"	"grab"	"2018-06-07"		0.05	0.015	10	2.259	0.5	0.163	0	0	"Colorimetric Test"								
"S98"	"grab"	"2019-05-23"		0.112	0.034	11.08	2.503	0	0			"Photometer"	0.05	2	1	60	1.5	15		
"S98"	"eds"	"2018-06-01"	"2018-06-01"	0.5	0.152	10	2.259	0.5	0.163	0	0	"Colorimetric Test"								
"S98"	"grab"	"2019-05-02"		0.083	0.025	0.4	0.09	0	0	0.042	0.033	"Photometer"	0.05	2	1	60	0.15	4.5	0.02	2.5
"S98"	"grab"	"2019-06-13"		0	0	11.023	2.49	0	0	0.061	0.047	"Photometer"	0.05	2	1	60	0.15	4.5	0.02	2.5
"S99"	"eds"	"2019-06-13"	"2019-06-12"	0.338	0.103	4.56	1.03	1.196	0.39	0.387	0.301	"Photometer"	0.05	2	1	60	0.15	4.5	0.02	2.5
"S99"	"grab"	"2019-06-13"		0.69	0.21	8.942	2.02	1.699	0.554	1.057	0.821	"Photometer"	0.05	2	1	60	0.15	4.5	0.02	2.5
"S99"	"grab"	"2019-05-23"				1.94	0.438	0	0			"Photometer"			1	60	1.5	15		
"S99"	"grab"	"2019-05-02"		0.091	0.028	1.74	0.393	0.081	0.026	0.056	0.044	"Photometer"	0.05	2	1	60	0.15	4.5	0.02	2.5
"S99"	"grab"	"2019-04-11"		0.049	0.015	1.27	0.287	0	0	0.023	0.018	"Photometer"	0.05	2	1	60	0.15	4.5	0.02	2.5
"S100"	"grab"	"2018-06-05"		0.15	0.046	0	0	1.5	0.489	0.25	0.194	"Colorimetric Test"								
"S100"	"grab"	"2018-05-02"		0.25	0.076	10	2.259	0.75	0.245	0	0	"Colorimetric Test"								
"S101"	"grab"	"2019-05-03"		0.081	0.025	2.91	0.657	0	0	0.067	0.052	"Photometer"	0.05	2	1	60	0.15	4.5	0.02	2.5
"S101"	"eds"	"2019-06-25"	"2019-06-23"	1.1	0.335	3.497	0.79	0.163	0.053	0.08	0.062	"Photometer"	0.05	2	1	60	0.15	4.5	0.02	2.5
"S101"	"eds"	"2019-05-03"		0.108	0.033	3.87	0.874	0	0	0.048	0.037	"Photometer"	0.05	2	1	60	0.15	4.5	0.02	2.5
"S101"	"grab"	"2019-07-08"		0.066	0.02	1.239	0.28	0.727	0.237	0.301	0.234	"Photometer"	0.05	2	1	60	0.15	4.5	0.02	2.5
"S101"	"grab"	"2019-05-24"		0.167	0.051	3.88	0.876	0.147	0.048	0.103	0.08	"Photometer"	0.05	2	1	60	1.5	15	0.02	2.5
"S101"	"grab"	"2019-04-11"		0.059	0.018	6.33	1.43	0	0	0.061	0.047	"Photometer"	0.05	2	1	60	0.15	4.5	0.02	2.5
"S101"	"grab"	"2019-06-14"		0.243	0.074	1.726	0.39	0.997	0.325	0.235	0.182	"Photometer"	0.05	2	1	60	0.15	4.5	0.02	2.5
"S101"	"eds"	"2019-06-14"	"2019-06-12"	0.351	0.107	2.302	0.52	0.414	0.135	0.46	0.357	"Photometer"	0.05	2	1	60	0.15	4.5	0.02	2.5
"S101"	"eds"	"2019-05-22"	"2019-05-20"	0.171	0.052	22.444	5.07	0	0	0.154	0.12	"Photometer"	0.05	2	1	60	1.5	15	0.02	2.5
"S101"	"eds"	"2019-05-13"	"2019-05-11"	0.056	0.017	2.95	0.666	0	0	0.035	0.027	"Photometer"	0.05	2	1	60	0.15	4.5	0.02	2.5
"S102"	"grab"	"2019-05-21"		0.148	0.045	27.667	6.25	0	0	0.074	0.057	"Photometer"	0.05	2	1	60	1.5	15	0.02	2.5
"S102"	"grab"	"2019-04-30"		0.128	0.039	27.25	6.156	0.944	0.308	0.06	0.047	"Photometer"	0.05	2	1	60	0.15	4.5	0.02	2.5
"S102"	"grab"	"2019-07-02"				23.904	5.4	0.193	0.063			"Photometer"			1	60	0.15	4.5		
"S102"	"grab"	"2019-04-09"		0.099	0.03	27.93	6.309	0	0	0.064	0.05	"Photometer"	0.05	2	1	60	0.15	4.5	0.02	2.5
"S102"	"grab"	"2019-06-11"		0.105	0.032	26.073	5.89	0.221	0.072	0.102	0.079	"Photometer"	0.05	2	1	60	0.15	4.5	0.02	2.5
"S103"	"grab"	"2018-10-15"		0.05	0.015	15	3.388	0.5	0.163	0	0	"Colorimetric Test"								
"S103"	"grab"	"2018-06-05"		0.25	0.076	0	0	3	0.978	0.2	0.155	"Colorimetric Test"								
"S103"	"grab"	"2018-05-03"		0.05	0.015	0	0	0.5	0.163	0	0	"Colorimetric Test"								
"S104"	"grab"	"2019-04-29"		0.02	0.006	2.656	0.6	0.126	0.041	0	0	"Photometer"	0.05	2	1	60	0.15	4.5	0.02	2.5
"S104"	"grab"	"2019-04-16"		0.039	0.012	2.523	0.57	0	0	0	0	"Photometer"	0.05	2	1	60	0.15	4.5	0.02	2.5
"S104"	"grab"	"2019-05-20"		0.043	0.013	3.32	0.75	0	0	0	0	"Photometer"	0.05	2	1	60	0.15	4.5	0.02	2.5
"S104"	"grab"	"2019-07-01"		0.03	0.009	3.099	0.7	0.015	0.005	0.026	0.02	"Photometer"	0.05	2	1	60	0.15	4.5	0.02	2.5
"S104"	"grab"	"2019-06-11"		0.003	0.001	2.258	0.51	0	0	0.004	0.003	"Photometer"	0.05	2	1	60	0.15	4.5	0.02	2.5
"S105"	"grab"	"2018-10-16"										"Colorimetric Test"								
"S105"	"grab"	"2018-06-06"		0	0	0	0	0	0	0	0	"Colorimetric Test"								
"S105"	"eds"	"2019-05-22"	"2019-05-20"	0.388	0.118	13.86	3.131	0.288	0.094	0.131	0.102	"Photometer"	0.05	2	1	60	1.5	15	0.02	2.5
"S105"	"eds"	"2019-06-12"	"2019-06-11"	0.076	0.023	2.523	0.57	0.212	0.069	0.227	0.176	"Photometer"	0.05	2	1	60	0.15	4.5	0.02	2.5
"S105"	"grab"	"2019-04-16"		0.02	0.006	3.87	0.874	0	0	0.003	0.002	"Photometer"	0.05	2	1	60	0.15	4.5	0.02	2.5
"S105"	"eds"	"2019-04-28"	"2019-04-26"	0.082	0.025	3.3	0.745	0	0	0	0	"Photometer"	0.05	2	1	60	0.15	4.5	0.02	2.5
"S105"	"grab"	"2019-05-01"		0.026	0.008	3.73	0.843	0	0	0.005	0.004	"Photometer"	0.05	2	1	60	0.15	4.5	0.02	2.5
"S105"	"grab"	"2018-05-01"		0	0	0	0	0	0	0	0	"Colorimetric Test"								
"S105"	"grab"	"2019-05-22"		0.023	0.007	5.68	1.283	0	0			"Photometer"	0.05	2	1	60	1.5	15		
"S105"	"grab"	"2019-07-03"				3.497	0.79	0	0			"Photometer"			1	60	0.15	4.5		
"S105"	"grab"	"2019-06-12"		0.007	0.002	1.903	0.43	0	0	0	0	"Photometer"	0.05	2	1	60	0.15	4.5	0.02	2.5
"S106"	"grab"	"2019-05-24"		0.062	0.019	10.049	2.27	0	0	0.015	0.012	"Photometer"	0.05	2	1	60	0.15	4.5	0.02	2.5
"S106"	"grab"	"2019-05-02"		0.059	0.018	9.739	2.2	0	0	0.028	0.022	"Photometer"	0.05	2	1	60	0.15	4.5	0.02	2.5
"S106"	"grab"	"2019-04-16"		0.03	0.009	11.288	2.55	0	0	0.024	0.019	"Photometer"	0.05	2	1	60	0.15	4.5	0.02	2.5
"S106"	"grab"	"2019-07-08"		0	0	10.491	2.37	0	0			"Photometer"	2	20	1	60	0.15	4.5		
"S106"	"grab"	"2019-06-14"		0.033	0.01	9.606	2.17	0.077	0.025	0.037	0.029	"Photometer"	0.05	2	1	60	0.15	4.5	0.02	2.5
"S107"	"grab"	"2019-07-08"		0	0	4.515	1.02	9.225	3.008	0	0	"Photometer"	2	20	1	60	0.15	4.5	0.02	2.5
"S107"	"grab"	"2019-07-08"		0	0	4.515	1.02	9.225	3.008	0	0	"Photometer"	2	20	1	60	0.15	4.5	0.02	2.5
"S107"	"grab"	"2019-05-24"		0.056	0.017	4.869	1.1	0	0	0.017	0.013	"Photometer"	0.05	2	1	60	0.15	4.5	0.02	2.5
"S107"	"grab"	"2019-06-14"		0.039	0.012	3.497	0.79	0.003	0.001	0.012	0.009	"Photometer"	0.05	2	1	60	0.15	4.5	0.02	2.5
"S107"	"grab"	"2019-05-02"		0.072	0.022	4.471	1.01	0	0	0	0	"Photometer"	0.05	2	1	60	0.15	4.5	0.02	2.5
"S107"	"grab"	"2019-04-16"		0.099	0.03	4.781	1.08	0	0	0.044	0.034	"Photometer"	0.05	2	1	60	0.15	4.5	0.02	2.5
"S108"	"grab"	"2019-04-09"		0.059	0.018	4.12	0.931	0	0	0.028	0.022	"Photometer"	0.05	2	1	60	0.15	4.5	0.02	2.5
"S108"	"eds"	"2019-05-21"	"2019-05-20"	0.693	0.211	2.169	0.49	0	0	0	0	"Photometer"	0.05	2	1	60	1.5	15	0.02	2.5
"S108"	"eds"	"2019-06-11"		0.036	0.011	1.682	0.38	0	0	0	0	"Photometer"	0.05	2	1	60	0.15	4.5	0.02	2.5
"S108"	"grab"	"2019-06-11"		0.003	0.001	2.346	0.53	0	0	0.001	0.001	"Photometer"	0.05	2	1	60	0.15	4.5	0.02	2.5
"S108"	"eds"	"2019-06-04"	"2019-05-31"	0.043	0.013	2.612	0.59	0	0	0.023	0.018	"Photometer"	0.05	2	1	60	0.15	4.5	0.02	2.5
"S108"	"grab"	"2019-05-21"		0.657	0.2	2.922	0.66	0	0			"Photometer"	0.05	2	1	60	1.5	15		
"S108"	"grab"	"2019-04-30"		0.032	0.01	2.48	0.56	0	0	0.018	0.014	"Photometer"	0.05	2	1	60	0.15	4.5	0.02	2.5
"S108"	"grab"	"2019-07-02"				1.107	0.25	0.003	0.001			"Photometer"			1	60	0.15	4.5		
"S108"	"eds"	"2019-04-30"	"2019-04-26"	0.085	0.026	3.93	0.888	0	0	0.004	0.003	"Photometer"	0.05	2	1	60	0.15	4.5	0.02	2.5
"S109"	"eds"	"2019-06-12"	"2019-06-11"	0.673	0.205	5.622	1.27	0.981	0.32	0.307	0.238	"Photometer"	0.05	2	1	60	0.15	4.5	0.02	2.5
"S109"	"eds"	"2019-05-22"	"2019-05-20"	0.374	0.114	8.97	2.026	0.132	0.043	0.125	0.097	"Photometer"	0.05	2	1	60	1.5	15	0.02	2.5
"S109"	"eds"	"2019-04-28"	"2019-04-26"	0.043	0.013	3.87	0.874	0	0	0	0	"Photometer"	0.05	2	1	60	0.15	4.5	0.02	2.5
"S109"	"grab"	"2019-07-03"				4.914	1.11	0	0			"Photometer"			1	60	0.15	4.5		
"S109"	"grab"	"2019-05-22"		0.033	0.01	10.41	2.352	0	0			"Photometer"	0.05	2	1	60	1.5	15		
"S109"	"grab"	"2019-06-12"		0.742	0.226	2.258	0.51	0	0	0.006	0.005	"Photometer"	0.05	2	1	60	0.15	4.5	0.02	2.5
"S109"	"grab"	"2019-05-01"		0.03	0.009	4.33	0.978	0	0	0.013	0.01	"Photometer"	0.05	2	1	60	0.15	4.5	0.02	2.5
"S109"	"grab"	"2019-04-10"		0.046	0.014	4.36	0.985	0	0	0.024	0.019	"Photometer"	0.05	2	1	60	0.15	4.5	0.02	2.5
"S110"	"grab"	"2018-05-30"		0.02	0.006	1	0.226	1.4	0.457	0.1	0.078	"Colorimetric Test"								
"S110"	"grab"	"2018-07-31"		0.01	0.003	1	0.226	0.5	0.163	0.1	0.078	"Colorimetric Test"								
"S110"	"grab"	"2018-06-21"		0.01	0.003	1.4	0.316	0.3	0.098	0.1	0.078	"Colorimetric Test"								
"S110"	"grab"	"2018-04-19"		0.01	0.003	1	0.226	0.7	0.228	0.1	0.078	"Colorimetric Test"								
"S110"	"grab"	"2018-07-11"		0.01	0.003	1.5	0.339	0.5	0.163	0.1	0.078	"Colorimetric Test"								
"S110"	"grab"	"2018-05-08"		0.01	0.003	1.3	0.294	0.2	0.065	0.1	0.078	"Colorimetric Test"								
"S110"	"grab"	"2018-03-20"		0.01	0.003	1.2	0.271	0.5	0.163	0.1	0.078	"Colorimetric Test"								
"S111"	"grab"	"2018-03-20"		0.01	0.003	1.3	0.294	0.4	0.13	0.1	0.078	"Colorimetric Test"								
"S111"	"grab"	"2018-07-31"		0.01	0.003	1.2	0.271	2.7	0.88	0.1	0.078	"Colorimetric Test"								
"S111"	"grab"	"2018-05-08"		0.03	0.009	2.3	0.52	0.5	0.163	0.1	0.078	"Colorimetric Test"								
"S111"	"grab"	"2018-04-19"		0.02	0.006	2.5	0.565	1.7	0.554	0.1	0.078	"Colorimetric Test"								
"S111"	"grab"	"2018-05-30"		0.02	0.006	1	0.226	1.4	0.457	0.1	0.078	"Colorimetric Test"								
"S111"	"grab"	"2018-07-11"		0.01	0.003	1.6	0.361	0.6	0.196	0.1	0.078	"Colorimetric Test"								
"S111"	"grab"	"2018-06-21"		0.01	0.003	1.6	0.361	0.5	0.163	0.1	0.078	"Colorimetric Test"								
"S112"	"grab"	"2019-07-01"		0.059	0.018	5.046	1.14	0.196	0.064	0.052	0.04	"Photometer"	0.05	2	1	60	0.15	4.5	0.02	2.5
"S112"	"grab"	"2019-06-11"		0.092	0.028	4.515	1.02	0.153	0.05	0.035	0.027	"Photometer"	0.05	2	1	60	0.15	4.5	0.02	2.5
"S112"	"grab"	"2019-05-21"		0.2	0.061	5.312	1.2	0.276	0.09	0.046	0.036	"Photometer"	0.05	2	1	60	0.15	4.5	0.02	2.5
"S112"	"grab"	"2019-04-29"		0.049	0.015	4.56	1.03	0.153	0.05	0.019	0.015	"Photometer"	0.05	2	1	60	0.15	4.5	0.02	2.5
"S112"	"grab"	"2019-04-10"		0.053	0.016	5.401	1.22	0.153	0.05	0.03	0.023	"Photometer"	0.05	2	1	60	0.15	4.5	0.02	2.5
"S113"	"grab"	"2018-04-17"		0.01	0.003	2	0.452	0.2	0.065	0.1	0.078	"Colorimetric Test"								
"S113"	"grab"	"2018-05-09"		0.01	0.003	3.1	0.7	0.8	0.261	0.1	0.078	"Colorimetric Test"								
"S113"	"grab"	"2018-03-19"		0.01	0.003	3.1	0.7	0.2	0.065	0.1	0.078	"Colorimetric Test"								
"S113"	"grab"	"2018-07-30"		0.01	0.003	2.5	0.565	0.5	0.163	0.1	0.078	"Colorimetric Test"								
"S113"	"grab"	"2018-07-10"		0.01	0.003	2.5	0.565	1.7	0.554	0.1	0.078	"Colorimetric Test"								
"S113"	"grab"	"2018-05-29"		0.01	0.003	1.6	0.361	1.3	0.424	0.1	0.078	"Colorimetric Test"								
"S113"	"grab"	"2018-06-20"		0.01	0.003	2.3	0.52	1.2	0.391	0.1	0.078	"Colorimetric Test"								
"S114"	"grab"	"2018-07-11"		0.01	0.003	1.9	0.429	0.3	0.098	0.1	0.078	"Colorimetric Test"								
"S114"	"grab"	"2019-07-01"		0.095	0.029	8.189	1.85	0.322	0.105	0.082	0.064	"Photometer"	0.05	2	1	60	0.15	4.5	0.02	2.5
"S114"	"grab"	"2018-06-21"		0.01	0.003	1.5	0.339	0.6	0.196	0.1	0.078	"Colorimetric Test"								
"S114"	"grab"	"2018-05-08"		0.01	0.003	1.2	0.271	0.8	0.261	0.1	0.078	"Colorimetric Test"								
"S114"	"grab"	"2019-06-11"		0.099	0.03	6.906	1.56	0.193	0.063	0.095	0.074	"Photometer"	0.05	2	1	60	0.15	4.5	0.02	2.5
"S114"	"grab"	"2018-04-19"		0.01	0.003	1.9	0.429	1.1	0.359	0.1	0.078	"Colorimetric Test"								
"S114"	"grab"	"2018-03-20"		0.01	0.003	1.8	0.407	0.2	0.065	0.1	0.078	"Colorimetric Test"								
"S114"	"grab"	"2018-05-30"		0.02	0.006	1.2	0.271	2	0.652	0.1	0.078	"Colorimetric Test"								
"S114"	"grab"	"2019-05-21"		0.125	0.038	6.552	1.48	0.359	0.117	0.062	0.048	"Photometer"	0.05	2	1	60	0.15	4.5	0.02	2.5
"S114"	"grab"	"2019-04-29"		0.056	0.017	8.101	1.83	0.153	0.05	0.035	0.027	"Photometer"	0.05	2	1	60	0.15	4.5	0.02	2.5
"S114"	"grab"	"2018-07-31"		0.01	0.003	1.6	0.361	0.3	0.098	0.1	0.078	"Colorimetric Test"								
"S114"	"grab"	"2019-04-08"		0.066	0.02	8.012	1.81	0.276	0.09	0.061	0.047	"Photometer"	0.05	2	1	60	0.15	4.5	0.02	2.5
"S115"	"grab"	"2018-10-19"		0	0	0	0	0.25	0.082	0	0	"Colorimetric Test"								
"S115"	"grab"	"2018-05-01"		0	0	0	0	0	0	0	0	"Colorimetric Test"								
"S115"	"grab"	"2018-06-05"		0	0	0	0	0.5	0.163	0	0	"Colorimetric Test"								
"S115"	"grab"	"2018-05-25"		0	0	0	0	0	0	0	0	"Colorimetric Test"								
"S116"	"grab"	"2019-07-01"		0	0	2.479	0.56	0.098	0.032	0.01	0.008	"Photometer"	0.05	2	1	60	0.15	4.5	0.02	2.5
"S116"	"grab"	"2019-04-15"		0.023	0.007	2.346	0.53	0.009	0.003	0	0	"Photometer"	0.05	2	1	60	0.15	4.5	0.02	2.5
"S116"	"grab"	"2019-05-20"				2.169	0.49	0	0	0	0	"Photometer"			1	60	0.15	4.5	0.02	2.5
"S116"	"grab"	"2018-10-16"		0	0	2	0.452	0.35	0.114	0.1	0.078	"Colorimetric Test"								
"S116"	"grab"	"2018-05-02"		0	0	0	0	0.25	0.082	0	0	"Colorimetric Test"								
"S116"	"grab"	"2019-04-29"		0.01	0.003	3.32	0.75	0.46	0.15	0	0	"Photometer"	0.05	2	1	60	0.15	4.5	0.02	2.5
"S116"	"grab"	"2019-06-11"		0	0	2.39	0.54	0.169	0.055	0.005	0.004	"Photometer"	0.05	2	1	60	0.15	4.5	0.02	2.5
"S116"	"grab"	"2018-06-05"		0	0	0	0	0	0	0	0	"Colorimetric Test"								
"S117"	"grab"	"2018-06-06"		0	0	2	0.452	0	0	0	0	"Colorimetric Test"								
"S117"	"grab"	"2018-05-02"		0	0	0	0	0.25	0.082	0	0	"Colorimetric Test"								
"S118"	"eds"	"2019-06-05"	"2019-06-04"	0.259	0.079	15.095	3.41	1.196	0.39	0.112	0.087	"Photometer"	0.05	2	1	60	0.15	4.5	0.02	2.5
"S118"	"grab"	"2019-06-11"		0.151	0.046	11.067	2.5	0.38	0.124	0.088	0.068	"Photometer"	0.05	2	1	60	0.15	4.5	0.02	2.5
"S118"	"grab"	"2019-05-20"		0.043	0.013	9.473	2.14	0.242	0.079	0.048	0.037	"Photometer"	0.05	2	1	60	0.15	4.5	0.02	2.5
"S118"	"grab"	"2019-07-02"		0.066	0.02	12.528	2.83	0.294	0.096	0.053	0.041	"Photometer"	0.05	2	1	60	0.15	4.5	0.02	2.5
"S118"	"grab"	"2019-04-08"		0.049	0.015	12.793	2.89	0.255	0.083	0.018	0.014	"Photometer"	0.05	2	1	60	0.15	4.5	0.02	2.5
"S118"	"grab"	"2019-05-07"		0.115	0.035	10.58	2.39	0.159	0.052	0.035	0.027	"Photometer"	0.05	2	1	60	0.15	4.5	0.02	2.5
"S118"	"eds"	"2019-06-11"	"2019-06-11"	0.634	0.193	15.449	3.49	2.165	0.706	0.171	0.133	"Photometer"	0.05	2	1	60	0.15	4.5	0.02	2.5
"S119"	"grab"	"2018-10-16"		0	0	0	0	0.25	0.082	0	0	"Colorimetric Test"								
"S119"	"grab"	"2018-05-01"		0	0	0	0	0	0	0	0	"Colorimetric Test"								
"S119"	"grab"	"2018-06-06"		0.05	0.015	0	0	0.5	0.163	0	0	"Colorimetric Test"								
"S120"	"grab"	"2018-03-20"		0.01	0.003	1.5	0.339	3.3	1.076	0.1	0.078	"Colorimetric Test"								
"S120"	"grab"	"2018-07-31"		0.03	0.009	1.4	0.316	0.7	0.228	0.2	0.155	"Colorimetric Test"								
"S120"	"eds"	"2018-07-04"	"2018-07-04"	0.06	0.018	1.8	0.407	0.7	0.228	0.6	0.466	"Colorimetric Test"								
"S120"	"grab"	"2018-04-18"		0.03	0.009	2	0.452	1.8	0.587	0.4	0.311	"Colorimetric Test"								
"S120"	"grab"	"2018-05-08"		0.01	0.003	1.3	0.294	0.3	0.098	0.1	0.078	"Colorimetric Test"								
"S120"	"grab"	"2018-07-11"		0.01	0.003	1.3	0.294	0.5	0.163	0.1	0.078	"Colorimetric Test"								
"S120"	"grab"	"2018-05-30"		0.02	0.006	1.3	0.294	0.5	0.163	0.1	0.078	"Colorimetric Test"								
"S120"	"grab"	"2018-06-21"		0.02	0.006	13	2.937	0.5	0.163	0.1	0.078	"Colorimetric Test"								
"S121"	"grab"	"2018-04-17"		0.01	0.003	1.3	0.294	0.2	0.065	0.1	0.078	"Colorimetric Test"								
"S121"	"grab"	"2018-05-29"		0.01	0.003	1.4	0.316	1.3	0.424	0.1	0.078	"Colorimetric Test"								
"S121"	"grab"	"2018-05-09"		0.01	0.003	1.5	0.339	0.3	0.098	0.1	0.078	"Colorimetric Test"								
"S121"	"grab"	"2018-07-30"		0.01	0.003	1	0.226	0.4	0.13	0.1	0.078	"Colorimetric Test"								
"S121"	"grab"	"2018-03-19"		1.7	0.518	0.01	0.002	0.2	0.065	0.1	0.078	"Colorimetric Test"								
"S121"	"grab"	"2018-06-20"		0.01	0.003	1.9	0.429	0.6	0.196	0.1	0.078	"Colorimetric Test"								
"S121"	"grab"	"2018-07-10"		0.01	0.003	1.3	0.294	0.7	0.228	0.1	0.078	"Colorimetric Test"								
"S122"	"grab"	"2018-05-01"										"Colorimetric Test"								
"S123"	"grab"	"2019-04-29"		0.029	0.009	5.05	1.141	0	0	0.132	0.103	"Photometer"	0.05	2	1	60	0.15	4.5	0.02	2.5
"S123"	"grab"	"2019-05-20"		0.03	0.009	4.648	1.05	8.366	2.728	0.024	0.019	"Photometer"	0.05	2	1	60	1.5	15	0.02	2.5
"S123"	"grab"	"2019-04-08"		0.88	0.268	7.216	1.63	2.054	0.67	0.079	0.061	"Photometer"	0.05	2	1	60	0.15	4.5	0.02	2.5
"S123"	"eds"	"2019-05-20"	"2019-05-20"	0.082	0.025	4.869	1.1	11.067	3.609	0.002	0.002	"Photometer"	0.05	2	1	60	1.5	15	0.02	2.5
"S123"	"eds"	"2019-07-01"		0.013	0.004	2.745	0.62	0.003	0.001	0.077	0.06	"Photometer"	0.05	2	1	60	0.15	4.5	0.02	2.5
"S124"	"grab"	"2018-05-01"		0	0	0	0	0.25	0.082	0	0	"Colorimetric Test"								
"S124"	"grab"	"2018-06-08"										"Colorimetric Test"								
