"ID"	"date"	"method"	"TP_mgL"	"TNb_mgL"	"As_ugL"	"Zn_ugL"	"Pb_ugL"	"Hg_ugL"	"Cu_ugL"	"Cd_ugL"
"S1"	"2018-05-01"	"grab"	0.069	1.05	0	0	0	0	0	0
"S1"	"2018-04-15"	"eds"			0	52	0		1.3	0.03
"S1"	"2018-05-25"	"grab"			0	4	0		0.5	0
"S1"	"2018-06-12"	"grab"	0.044	0.78	0	3	0	0	0.7	0
"S1"	"2018-10-12"	"grab"	0.024	0.306	0	0	0		0	0
"S1"	"2018-06-04"	"grab"	0.014	0.339	0	0	0	0	0	0
"S2"	"2019-06-11"	"grab"	0.051	0.2	0	0	0	0	0	0
"S2"	"2019-04-29"	"grab"	0.249	2.76	0.8	2	0	0.003	2.4	0
"S2"	"2019-04-10"	"grab"	0.12	2.6	0	0	0	0	0	0
"S2"	"2019-06-12"	"eds"	0.618	9.63	1.9	0	0.4	0.017	1.6	0
"S2"	"2019-05-20"	"grab"	0.068	0.776	0	0	0	0.005	0	0
"S2"	"2019-07-01"	"grab"	0.228	0.821	0	0	0	0.012	0.5	0
"S3"	"2019-04-11"	"grab"	0.055	1.92	0.4	0	0	0	0	0
"S3"	"2019-06-11"	"grab"	0.084	0.88	0.7	0	0	0	0	0
"S3"	"2019-05-20"	"grab"	0.105	0.819	0.7	0	0	0.004	1.3	0
"S3"	"2019-07-01"	"grab"	0.269	2.53	0.6	0	0	0.01	0.5	0
"S3"	"2019-06-12"	"eds"	0.153	2.4	0.7	6	1.12	0.014	9.7	0
"S3"	"2019-04-29"	"grab"	0.084	1.4	0	0	0.11	0.002	2.6	0
"S4"	"2018-06-06"	"grab"	0.062	1.85	0	0	0	0	0	0
"S4"	"2018-05-10"	"eds"	0.125	0.324	0	194	0	0.011	11.2	0.1
"S4"	"2018-10-24"	"grab"	0.032	0.965	0	0	0		0	0
"S4"	"2018-05-02"	"grab"	0.069	3.6	0	0	0	0.003	2.1	0
"S5"	"2019-06-16"	"eds"	0.039	23.6	0.9	0	0.15	0	5.6	0
"S5"	"2019-06-11"	"grab"	0.022	0.38	1.2	2	0	0	0.9	0
"S5"	"2019-05-20"	"grab"	0.014	3.77	0.9	2	0	0.004	1.7	0
"S5"	"2019-06-11"	"eds"	0.081	2.29	1.7	0	0.15	0.004	1.8	0.02
"S5"	"2019-04-29"	"grab"	0.02	6.41	0.7	0	0	0.003	0.8	0
"S5"	"2019-07-01"	"grab"	0.027	0.649	1.6	2	0	0	2	0
"S5"	"2019-04-10"	"grab"	0.025	9.58	0.8	2	0	0	1.9	0
"S6"	"2018-05-09"	"grab"	0.095	1.25	2.4	3	0	0.003	1	0
"S6"	"2018-07-07"	"eds"	0.118	1.46	2	2	0	0.021	4.2	0
"S6"	"2018-06-10"	"eds"	0.279	3.15	3.2	2	0	0.022	11.1	0.01
"S7"	"2019-05-04"	"eds"	0.031	1.49				0		
"S7"	"2019-06-12"	"grab"	0.161	1.95	0	3	0	0	0.9	0.02
"S7"	"2019-05-20"	"grab"	0.023	0.861	0.5	3	0	0	0.8	0
"S7"	"2019-06-16"	"eds"	0.065	2.61	0	6	0.07	0.012	9	0
"S7"	"2019-04-30"	"grab"	0.009	1.08	0	3	0	0	0	0
"S7"	"2019-05-08"	"eds"	0.042	1.31				0		
"S7"	"2019-05-18"	"eds"	0.034	1.56	0	8	0	0	3.9	0
"S7"	"2019-07-03"	"grab"	0.011	0.847	0.6	0	0	0.005	2.5	0
"S7"	"2019-04-09"	"grab"	0	1.06	0	3	0	0	0.7	0
"S8"	"2019-05-12"	"eds"	0.03	1.55				0		
"S8"	"2019-06-12"	"eds"			0.8	2	0.11		3.5	0
"S8"	"2019-07-03"	"grab"	0.006	0	2	0	0	0.005	1.5	0
"S8"	"2019-04-30"	"grab"	0	0.227	2	0	0	0	0	0
"S8"	"2019-05-20"	"eds"	0.027	1.43	1.1	4	0	0	3.2	0
"S8"	"2019-04-09"	"grab"	0.008	0.43	1.9	2	0	0	0.7	0
"S8"	"2019-06-12"	"grab"	0.019	1.36	1.7	0	0	0	1	0
"S8"	"2019-05-20"	"grab"	0.022	1.46	1	4	0	0	2.3	0
"S9"	"2018-06-11"	"eds"	0.22	2.55	2.2	15	0	0.04	5.3	0
"S9"	"2018-05-24"	"eds"	0.093	1.06	2.7	0	0	0.002	1.2	0
"S9"	"2018-05-24"	"eds"	0.207	11.7	3	2	0	0.006	5.9	0.02
"S9"	"2018-10-17"	"grab"	0.046	2.35	2.5	2	0		0.9	0.03
"S9"	"2018-06-07"	"grab"	0.031	12.7	2.4	0	0	0	0	0
"S9"	"2018-06-11"	"eds"	0.729	12.1	2.4	5	0		5.5	0
"S9"	"2018-05-31"	"eds"	0.18	9.59	2	22	0	0.003	5.1	0
"S9"	"2018-05-03"	"grab"	0.166	16	1.9	0	0	0.003	0.7	0
"S9"	"2018-07-03"	"grab"	1.3	14.2	2.3	4	0	0.062	8.1	0
"S10"	"2019-04-08"	"grab"	0.323	6.77	1.3	9	0	0	1.6	0
"S10"	"2019-05-23"	"grab"	0.113	19.5	1	2	0	0.007	3.4	0
"S10"	"2019-05-20"	"eds"	0.544	5.84	1	9	0.24	0.013	10.5	0
"S10"	"2019-07-01"	"grab"	0.045	3.3	1.9	2	0	0.004	3.6	0
"S10"	"2019-06-14"	"grab"	0.154	7.43	1.5	0	0	0	1.4	0
"S10"	"2019-06-16"	"eds"						0.004		
"S10"	"2019-05-02"	"grab"	0.186	5.12	1	0	0	0.003	1.3	0
"S11"	"2019-05-20"	"eds"			1.2	2	0.13		10	0
"S11"	"2019-05-01"	"grab"	0.168	10.6	0.8	0	0	0.003	1.2	0
"S11"	"2019-04-09"	"grab"	0.186	9.81	1.2	0	0	0	0.8	0
"S11"	"2019-05-22"	"grab"	0.141	13.4	1	0	0	0.011	4.4	0
"S11"	"2019-05-03"	"eds"	1.38	11.2	1.1	4	0	0.023	7	0
"S11"	"2019-07-01"	"grab"	0.223	12.3	1	0	0	0.004	1.4	0
"S11"	"2019-06-13"	"grab"	0.047	12.1	0.9	0	0	0	0	0
"S11"	"2019-05-12"	"eds"			1	3	0	0.01	7.7	0.02
"S12"	"2018-05-28"	"eds"	0.078	6.59	0.7	4	0	0.009	2.5	0
"S12"	"2018-06-09"	"eds"	0.302	5.78	0.9	0	0	0.058	2.5	0
"S12"	"2018-05-15"	"eds"	0.182	0.308	0.6	5	0	0.055	5.4	0.05
"S12"	"2018-10-18"	"grab"	0.031	2.87	0	0	0		0	0.02
"S12"	"2018-05-02"	"grab"	0.069	11.1	0.6	0	0	0.003	3.3	0
"S12"	"2018-06-08"	"grab"	0.012	9.75	0.6	0	0	0.002	0	0
"S13"	"2018-05-03"	"grab"	0.013	8.21	0	0	0	0.003	0	0
"S13"	"2018-06-07"	"grab"	0.007	6.38	0.6	0	0	0	0	0
"S13"	"2018-10-17"	"grab"	0.025	0.714	2.1	3	0		1.6	0.04
"S14"	"2019-06-11"	"grab"	0.01	17.4	1.1	0	0	0	2.5	0
"S14"	"2019-05-20"	"grab"	0.378	10.5	1	0	0	0.012	2.5	0
"S14"	"2019-06-20"	"eds"	0.369	13.6				0		
"S14"	"2019-05-20"	"eds"			0.8	2	0.07	0	5.7	0
"S14"	"2019-04-16"	"grab"	0.057	12.1	0.6	0	0	0	0	0
"S14"	"2019-04-29"	"grab"	0.299	11.3	0.7	0	0	0.003	0.8	0
"S14"	"2019-05-11"	"eds"			1	5	0	0.009	7	0
"S14"	"2019-07-01"	"grab"	0.112	14.3	1.2	6	0.1	0.004	1	0
"S15"	"2019-05-01"	"grab"	0.035	5.92	0.5	0	0	0.007	1	0
"S15"	"2019-04-10"	"grab"	0.011	6.55	0	0	0	0	0.6	0
"S15"	"2019-06-13"	"grab"	0.024	8.27	0	0	0	0	0	0
"S15"	"2019-05-20"	"eds"	0.358	12.5	0.7	9	0.17	0.019	9.9	0.03
"S15"	"2019-05-22"	"grab"	0.049	9.11	0	2	0	0.017	3.3	0
"S15"	"2019-07-01"	"grab"	0.018	5.81	0.7	0	0	0.004	1.3	0
"S16"	"2019-05-22"	"grab"	0.123	10.2	1.1	0	0	0.005	2.6	0
"S16"	"2019-07-01"	"grab"	0.05	6.32	2.9	2	0	0.005	1.9	0
"S16"	"2019-05-01"	"grab"	0.108	5.59	1.5	0	0	0.004	0.5	0
"S16"	"2019-06-13"	"grab"	0.138	7.86	2.1	0	0	0	1	0
"S16"	"2019-04-09"	"grab"	0.075	6.29	1.4	0	0	0	1.1	0
"S17"	"2019-04-09"	"grab"	0.059	5.1	1.3	0	0	0	0	0
"S17"	"2019-07-01"	"grab"	0.048	4.47	3	0	0	0	1.6	0
"S17"	"2019-05-20"	"eds"			1.6	6	0.3		32.1	0.05
"S17"	"2019-05-22"	"grab"	0.071	8.41	1.4	0	0	0.007	2.4	0
"S17"	"2019-05-01"	"grab"	0.17	4.8	2.1	0	0	0.002	0.9	0
"S17"	"2019-06-13"	"grab"	0.13	5.39	1.9	0	0	0	1.4	0
"S18"	"2018-05-15"	"eds"	0.477	4.41	0.7	2	0	0.004	2.7	0
"S18"	"2018-05-20"	"grab"			0.7	25	0		3.6	0
"S18"	"2018-06-06"	"eds"	0.171	9.98	1.3	0	0	0.002	1.7	0
"S18"	"2018-06-06"	"eds"	0.161	9.84	1.3	0	0	0.004	5.2	0
"S18"	"2018-10-18"	"grab"	0.071	3.28	0.8	0	0		0	0
"S18"	"2018-06-07"	"grab"	0.113	6.34	1.2	0	0	0.003	1.8	0.02
"S18"	"2018-07-02"	"eds"	0.503	9.7	1.3	3	0	0.012	3.2	0
"S18"	"2018-05-28"	"eds"	0.079	3.61	1.2	4	0	0.002	2.5	0.02
"S18"	"2018-05-03"	"grab"	0.136	10.4				0		
"S19"	"2018-06-11"	"eds"	0.323	7.91	1.4	0	0	0.012	5.2	0
"S19"	"2018-06-11"	"eds"	0.351	8.13	1.7	2	0		6.7	0
"S19"	"2018-06-05"	"eds"	0.06	9.68	1.9	0	0	0.002	2	0.03
"S19"	"2018-06-05"	"eds"	0.047	9.18	1.9	0	0		1.7	0.05
"S19"	"2018-10-18"	"grab"	0.023	1.82	1.3	0	0		0.8	0.02
"S19"	"2018-06-08"	"grab"	0.083	8.07	1.6	0	0	0	0	0.02
"S19"	"2018-07-02"	"eds"	0.514	9.67	1.4	0	0	0.013	5.4	0
"S19"	"2018-05-27"	"eds"	0.102	8.59	1.6	0	0	0.002	2.4	0
"S19"	"2018-05-02"	"grab"	0.114	9.04	1.1	16	0	0.003	3.1	0.1
"S19"	"2018-05-27"	"eds"			1.5	72	0		3	0.05
"S20"	"2019-05-20"	"eds"			1	32	0	0	11	0.02
"S20"	"2019-04-08"	"grab"	0.021	12.1	1.1	0	0	0	1.1	0
"S20"	"2019-06-14"	"grab"	0	11.6	1.3	0	0	0	1.1	0
"S20"	"2019-05-02"	"grab"	0.023	10.6	1.1	0	0	0.003	0.8	0
"S20"	"2019-07-01"	"eds"	0.577	11.2	1.6	2	0	0	7.3	0
"S20"	"2019-07-01"	"grab"	0.105	10	1.8	0	0	0.004	9.8	0
"S20"	"2019-05-23"	"grab"	0.055	11.9	1.2	0	0	0.004	1.5	0
"S21"	"2019-07-01"	"grab"	0.01	1.16	0	0	0	0.004	1.6	0
"S21"	"2019-04-30"	"grab"	0.041	2.69	0	0	0	0.003	0.5	0
"S21"	"2019-05-20"	"eds"	1.35	5.33	0	5	0.09	0.015	6.1	0
"S21"	"2019-06-12"	"grab"	0.104	3.07	0	0	0	0.004	1.6	0
"S21"	"2019-04-11"	"grab"	0.042	2.95	0	0	0	0	0.8	0
"S21"	"2019-05-21"	"grab"	0.485	5.98	0	3	0	0.035	5.6	0.03
"S22"	"2019-04-30"	"grab"	0.094	3.9	0.5	0	0	0.002	0.7	0
"S22"	"2019-05-20"	"eds"	0.44	5.18	1	5	0.09	0.027	6.2	0.02
"S22"	"2018-10-17"	"grab"	0.047	3.42	0	0	0		0	0
"S22"	"2019-05-21"	"grab"	0.434	4.92	1.1	4	0	0.026	4.3	0
"S22"	"2019-06-12"	"grab"	0.226	4.12	0	0	0	0.008	2.2	0
"S22"	"2019-05-04"	"eds"	0.94	1.38	0.7	3	0	0.007	5.7	0
"S22"	"2018-06-06"	"grab"	0.03	2.28	0.7	0	0	0	0	0
"S22"	"2019-04-11"	"grab"	0.148	4.44	0.5	0	0	0.005	0.8	0
"S22"	"2019-07-01"	"grab"	0.059	0.767	0.9	0	0	0.003	1.9	0
"S22"	"2018-05-04"	"grab"	0.13	4.36	0	0	0	0.003	0	0
"S23"	"2019-04-11"	"grab"	0.043	3.55	0	0	0	0	0	0
"S23"	"2019-06-18"	"eds"			0.6	5	0	0.005	5.6	0
"S23"	"2019-06-11"	"eds"			0	9	0.17		6	0
"S23"	"2019-05-04"	"eds"	0.158	2.43	0	16	0.31	0.007	6.4	0
"S23"	"2019-04-30"	"grab"	0.026	3.64	0	0	0	0.005	0	0
"S23"	"2019-06-12"	"grab"	0.011	4.51	0	0	0	0	1.3	0
"S23"	"2019-05-11"	"eds"	0.134	2.8	0	24	0.23	0.008	10.6	0.02
"S23"	"2019-07-01"	"grab"	0.011	3.2	0	0	0	0	1.1	0
"S23"	"2019-05-21"	"grab"	0.459	4.22	0	3	0	0.071	4.8	0.02
"S24"	"2018-10-16"	"grab"	0.048	2.72	1	0	0		0.7	0
"S24"	"2018-05-13"	"eds"	0.026	3.08				0.008		
"S24"	"2018-05-03"	"grab"	0.119	7.8	0.7	0	0	0.007	0.6	0
"S24"	"2018-05-23"	"eds"	0.119	5.12	0.8	70	0	0.005	1.9	0.03
"S24"	"2018-06-06"	"grab"	0.081	6.25	0.9	0	0	0	0	0
"S25"	"2018-05-29"	"eds"	0.589	5.26	0	0	0	0.028	3.3	0
"S25"	"2018-10-17"	"grab"	0.045	1.63	0.6	0	0		0	0
"S25"	"2018-06-06"	"grab"	0.06	1.44	0	0	0	0	0	0
"S25"	"2018-05-13"	"eds"	0.088	3.46				0.011		
"S25"	"2018-05-22"	"eds"	1.22	3.13	0	38	0	0.051	2.5	0
"S25"	"2018-05-04"	"grab"	0.108	4.51	0	0	0	0.002	1.9	0
"S26"	"2019-05-21"	"grab"	0.047	0.802	1.6	0	0	0.007	0.8	0
"S26"	"2019-04-30"	"grab"	0.048	1.5	1	0	0	0.01	1	0
"S26"	"2019-06-12"	"eds"	0.16	2.55	1.7	0	0	0.003	1.3	0.02
"S26"	"2019-04-17"	"grab"	0.023	2.93	1	0	0	0.004	1	0
"S26"	"2019-07-01"	"grab"	0.146	1.24	2.6	3	0	0	0.8	0.02
"S26"	"2019-06-12"	"grab"	0.174	1.53	1.6	0	0	0.005	0	0.02
"S27"	"2018-10-16"	"grab"	0.134	4.83	1.3	0	0		0.7	0.02
"S27"	"2018-06-25"	"eds"						0		
"S27"	"2018-05-03"	"grab"	0.04	10.2	1.1	0	0	0.003	2.9	0
"S27"	"2018-06-07"	"grab"	0.017	6.68	1.4	0	0	0	1.4	0
"S28"	"2019-07-01"	"grab"	0.015	0.145	0	4	0	0	0.8	0
"S28"	"2019-04-17"	"grab"	0.027	2.08	0	0	0	0.003	0.6	0
"S28"	"2019-04-30"	"grab"	0.113	1.24	0	0	0	0.004	0	0
"S28"	"2019-05-21"	"grab"	0.061	0.466	0	0	0	0.004	0.9	0
"S28"	"2019-06-11"	"eds"	0.043	1.34	0	0	0	0	0.6	0
"S28"	"2019-06-12"	"grab"	0.057	1.13	0.7	3	0	0	0.7	0
"S29"	"2019-06-12"	"eds"	0.141	1.91	2.9	0	0	0.05	1	0
"S29"	"2019-07-01"	"grab"	0.257	3.85	3.6	2	0	0.004	1.1	0
"S29"	"2019-04-30"	"grab"	0.018	2.84	1	0	0	0.01	0.9	0
"S29"	"2019-04-16"	"grab"	0.012	5.57	0.7	0	0	0	2.6	0.01
"S29"	"2019-05-21"	"grab"	0.048	3.48	1.2	0	0	0.005	1.3	0
"S30"	"2019-05-02"	"grab"	0.06	4.5	1.2	0	0	0.003	0.8	0
"S30"	"2019-04-16"	"grab"	0.037	4.23	1.1	2	0	0	0.9	0.01
"S30"	"2019-05-23"	"grab"	0.066	3.5	1.3	2	0	0.005	0.6	0
"S30"	"2019-06-12"	"eds"	0.179	6.21	1.3	5	0.77	0.006	7.7	0.02
"S30"	"2019-07-01"	"grab"	0.05	2.47	1.9	7	0.16	0.004	2.9	0.02
"S30"	"2019-06-14"	"grab"	0.059	3.74	1.5	2	0	0.004	1.1	0
"S31"	"2019-06-15"	"eds"	0.217	3.29	0	0	0.19	0.007	3.1	0
"S31"	"2019-05-23"	"grab"	0.058	1.49	0.5	0	0	0.004	0.6	0
"S31"	"2019-07-01"	"grab"	0.035	2.63	0.7	3	0.14	0.005	1	0.02
"S31"	"2019-05-02"	"grab"	0.042	1.53	0.5	0	0	0.003	2.7	0
"S31"	"2019-04-15"	"grab"	0.032	1.75	0	0	0	0	0.6	0
"S31"	"2019-06-14"	"grab"	0.034	1.65	0.8	0	0	0	0	0
"S32"	"2018-05-31"	"eds"			2.1	32	0	0.005	5.8	0
"S32"	"2018-06-04"	"grab"	0.038	2.14	1.1	0	0	0	0	0
"S32"	"2018-04-09"	"eds"			1.7	289	0		3.8	0.15
"S32"	"2018-05-01"	"grab"	0.106	4.22	0.9	3	0	0	1	0
"S32"	"2018-10-15"	"grab"	0.022	0.775	0.9	0	0		1.2	0
"S33"	"2018-04-15"	"eds"			0.9	3	0		4.4	0
"S33"	"2018-06-04"	"grab"	0.025	2.39	0.6	0	0	0.004	0	0
"S33"	"2018-05-01"	"grab"	0.025	3.76	0	0	0	0.003	0	0
"S33"	"2018-10-15"	"grab"	0.007	0	0	0	0		1	0
"S34"	"2018-05-31"	"eds"			0	44	0		2.2	0.02
"S34"	"2018-10-17"	"grab"	0.049	2.27	0.7	3	0		0	0.03
"S34"	"2018-05-15"	"eds"	0.011	1.89	0	97	0	0.002	3.8	0.03
"S34"	"2018-05-02"	"grab"	0.057	3.59	0	2	0	0.002	1.5	0.18
"S34"	"2018-06-10"	"eds"	0.015	2.56	0	3	0		3	0
"S34"	"2018-06-10"	"eds"	0.075	2.84	0	7	0	0.003	1.2	0
"S34"	"2018-06-06"	"grab"	0.007	1.07	0	0	0	0	0.6	0
"S35"	"2019-07-01"	"grab"	0.018	4.51	1.3	2	0	0.004	2.9	0
"S35"	"2019-04-26"	"eds"	0.035	2.88	0.9	2	0	0	1.3	0
"S35"	"2018-06-06"	"grab"	0	5.22	1.2	0	0	0	0	0
"S35"	"2018-05-15"	"eds"	0.05	4.79	1	35	0	0	2.9	0
"S35"	"2019-06-20"	"eds"	0.023	1.36	1.2	0	0	0	4.8	0
"S35"	"2018-05-10"	"eds"	0.146	2.55	2.3	200	1.3	0.008	5.7	0.1
"S35"	"2019-05-01"	"grab"	0	3.54	0.8	0	0	0.003	1.3	0
"S35"	"2019-04-10"	"grab"	0	5.04	0.6	0	0	0	0	0
"S35"	"2019-05-07"	"eds"			0.7	8	0	0.004	6.3	0
"S35"	"2018-05-15"	"eds"	0.012	6.19				0.003		
"S35"	"2019-05-16"	"eds"	0.016	3.38	0.8	0	0	0	1.2	0
"S35"	"2018-05-31"	"eds"			1.3	33	0	0.005	3.9	0
"S35"	"2019-05-20"	"eds"	1.69	14.1	2	0	0	0.028	3.7	0.02
"S35"	"2018-04-09"	"eds"			1.4	86	0		3.9	0.07
"S35"	"2019-06-12"	"grab"	0.029	6.9	1.4	0	0	0	5.1	0.02
"S35"	"2018-05-01"	"grab"	0.036	4.32	0	0	0	0	0	0.04
"S35"	"2019-06-10"	"eds"	0.055	4.65						
"S35"	"2019-05-22"	"grab"	0.074	15.8	1.2	3	0	0.008	2.2	0.02
"S35"	"2019-06-11"	"eds"	0.668	7.47	2.2	15	8.59	0.021	3.9	0.12
"S35"	"2018-10-16"	"grab"	0.112	3.89	0.7	0	0		0	0
"S36"	"2018-06-08"	"eds"	1.14	10.1	0.7	0	0	0.08	1.4	0
"S36"	"2018-06-05"	"grab"	0.008	4.12	0.7	0	0	0	0.5	0
"S36"	"2018-06-22"	"eds"	0.054	5.22	0.8	0	0	0.003	2.3	0
"S36"	"2018-05-04"	"grab"	0.04	5.22	0	0	0	0	0.8	0.05
"S37"	"2019-06-13"	"grab"	0.046	4.37	0.6	5	0.37	0	4.4	0.02
"S37"	"2019-07-01"	"grab"	0.032	6.52	0	4	0	0.004	1.2	0.03
"S37"	"2019-05-22"	"grab"	0.056	3.51	0	10	0	0.006	0.7	0.07
"S37"	"2019-04-12"	"grab"	0.076	3.64	0	16	0	0	0	0.14
"S37"	"2019-05-01"	"grab"	0.031	2.9	0.5	6	0	0.003	0	0
"S38"	"2019-06-12"	"grab"	0.027	8.74	0.9	0	0	0.006	2.2	0.03
"S38"	"2019-05-20"	"eds"	0.399	24.2	1.4	0	0	0.04	2.5	0.05
"S38"	"2019-05-22"	"grab"	0.012	21.2	0	2	0	0.006	1.4	0.02
"S38"	"2019-04-09"	"grab"	0	8.05	0	0	0	0	0.5	0
"S38"	"2019-07-01"	"grab"	0.062	4.48	0.9	2	0	0.01	2.5	0.03
"S38"	"2019-05-01"	"grab"	0	5.69	0	0	0	0.003	1.1	0
"S39"	"2019-06-12"	"grab"	0.016	2.77	0.8	0	0	0	1.7	0
"S39"	"2019-05-20"	"eds"	3.77	10.2	0.7	0	0	0.354	1.3	0
"S39"	"2019-07-01"	"grab"	0.03	1.48	1.1	3	0	0	3.5	0
"S39"	"2019-04-10"	"grab"	0	3.78	0	0	0	0	2.6	0
"S39"	"2019-05-22"	"grab"	0.014	20.4	0.6	0	0	0.005	4	0
"S39"	"2019-05-01"	"grab"	0	2.03	0.7	0	0	0	1.5	0
"S40"	"2018-10-16"	"grab"	0.007	6.8	0	0	0		0	0
"S40"	"2018-06-06"	"grab"	0.043	5.91	0.6	0	0	0.003	0	0
"S40"	"2018-05-01"	"grab"	0.107	6.85	0.6	0	0	0.003	0.7	0
"S40"	"2018-05-10"	"eds"	0.107	3.5	1.2	35	5.3	0.006	12.2	0.04
"S40"	"2018-05-31"	"eds"			0	2	0	0.165	2.9	0
"S40"	"2018-05-15"	"eds"	0.037	4.68	0.7	55	0	0.003	2.7	0.03
"S40"	"2018-06-22"	"eds"	0.223	7.36	0.7	2	0	0.013	4.6	0
"S41"	"2018-10-16"	"grab"	0.013	0	0	3	0		0	0.06
"S41"	"2018-05-29"	"eds"			0.5	142	0		6.5	0.07
"S41"	"2018-06-05"	"grab"	0.068	3.24	0	0	0	0	0	0.02
"S41"	"2018-05-02"	"grab"	0.077	4.41	0	2	0	0.002	2.1	0.07
"S42"	"2018-10-16"	"grab"	0.116	2.44	7.1	3	0		0.6	0.02
"S42"	"2018-05-02"	"grab"	0.126	1.45	5.4	0	0	0	4.2	0.02
"S42"	"2018-05-31"	"eds"			4.8	78	0		3.8	0.02
"S42"	"2018-06-05"	"grab"	0.021	0.732	5.6	0	0	0	1	0.04
"S42"	"2018-05-10"	"eds"	0.03	0.327	4.4	84	0	0.002	2.7	0.04
"S43"	"2018-04-15"	"eds"			0.5	2	0		3.8	0
"S43"	"2018-05-01"	"grab"	0.036	4.62	0	0	0	0.003	0.6	0.03
"S43"	"2018-05-12"	"eds"			0	69	0		2.3	0.04
"S43"	"2019-06-12"	"grab"	0.007	4.51	0.8	2	0	0	1.4	0
"S43"	"2019-06-12"	"eds"	0.021	1.63	0.5	0	0	0	1.9	0
"S43"	"2019-04-26"	"eds"	0.09	2.62	0	15	0	0	1.7	0
"S43"	"2018-10-16"	"grab"	0.014	0.574	0	0	0		0	0
"S43"	"2019-06-19"	"eds"	0.021	2.85	0.5	0	0	0	4.1	0.02
"S43"	"2018-05-15"	"eds"	0.028	3.35	0	94	0	0	4.8	0.02
"S43"	"2018-06-07"	"grab"	0.011	3.39	0	0	0	0	0	0
"S43"	"2018-04-09"	"eds"			0.8	112	3.8		5.8	0.1
"S43"	"2019-05-16"	"eds"	0.007	1.91	0	2	0	0	1.1	0
"S43"	"2018-05-10"	"eds"	0.139	0.407	0.6	187	0	0.003	6.5	0.09
"S43"	"2019-07-01"	"grab"	0	1.77	0	2	0	0.004	1.8	0
"S43"	"2018-05-31"	"eds"			0	3	0	0.002	3.2	0
"S43"	"2019-05-02"	"grab"	0	2.37	0	0	0	0.003	0	0
"S43"	"2019-05-20"	"eds"	0.011	1.37	0	8	0	0	4.1	0
"S43"	"2019-04-16"	"grab"	0	3.19	0	0	0	0.003	1.3	0
"S43"	"2019-05-23"	"grab"	0.016	6.29	0	3	0	0.004	1.4	0
"S44"	"2019-07-06"	"eds"	0.006	8.36	0	8	0.14	0	2.1	0.04
"S44"	"2019-07-01"	"grab"	0.016	8.81	0	6	0	0.004	0.3	0.13
"S44"	"2019-04-17"	"grab"	0.047	7.12	0	4	0	0.003	0	0.16
"S44"	"2019-05-23"	"grab"	0.013	6.62	0	8	0	0.005	0	0.13
"S44"	"2019-05-02"	"grab"	0.029	6.45	0	4	0	0.003	0	0.15
"S44"	"2019-06-12"	"eds"	0.028	8.4	0	4	0	0	1.9	0.06
"S44"	"2019-06-13"	"grab"	0.016	8.57	0	6	0	0	0	0.11
"S45"	"2019-04-17"	"grab"	0.026	8.91	0.6	10	0	0.003	0	0.33
"S45"	"2019-05-23"	"grab"	0.016	9	0	16	0	0.004	0	0.34
"S45"	"2019-05-02"	"grab"	0.03	8.8	0.8	8	0	0.003	1.5	0.35
"S45"	"2019-06-13"	"grab"	0.011	11.2	0.6	13	0	0	0	0.25
"S45"	"2019-07-01"	"grab"	0	10.2	0.6	14	0	0	1.1	0.32
"S45"	"2019-06-20"	"eds"	0.063	10.8	0	18	0.51	0	9.7	0.18
"S46"	"2018-05-01"	"grab"	0.025	7.12	0.6	0	0	0	1.4	0
"S46"	"2018-04-15"	"eds"			0	0	0		3.4	0
"S46"	"2018-10-16"	"grab"	0	3.61	0	0	0		0	0
"S46"	"2018-06-06"	"grab"	0	4.06	0	0	0	0	0	0
"S47"	"2018-05-24"	"eds"	0.272	4.72	0.6	0	0	0.003	2.3	0
"S47"	"2018-10-18"	"grab"	0.013	0	0	0	0		0	0
"S47"	"2018-05-03"	"grab"	0.047	8.67	0	4	0	0.003	2.2	0.13
"S47"	"2018-06-06"	"grab"	0.121	9.76	0.8	0	0	0	0	0
"S48"	"2019-06-12"	"grab"	0.572	1.51	2.3	4	0	0	0.8	0.02
"S48"	"2019-07-01"	"grab"	2.25	4.79	4.4	6	0	0.007	6.8	0
"S48"	"2019-06-13"	"eds"	0.784	4.54	2.4	3	0.28	0	9.4	0.03
"S48"	"2019-04-09"	"grab"	0.094	11.2	1	3	0	0.003	3.5	0.05
"S48"	"2019-05-06"	"grab"	0.048	1.37	1.1	4	0	0.004	2.1	0.02
"S48"	"2019-05-21"	"grab"	0.076	0.931	1.6	3	0	0.004	1.9	0
"S49"	"2019-06-12"	"grab"	0.01	5.48	0	2	0	0	0.8	0
"S49"	"2019-05-21"	"grab"	0.018	4.36	0	2	0	0.006	1.2	0
"S49"	"2019-05-06"	"grab"	0.014	5.02	0	2	0	0.004	1.1	0
"S49"	"2019-07-01"	"grab"	0.015	6.4	0	6	0	0.004	2.8	0.03
"S49"	"2019-04-10"	"grab"	0.01	4.83	0.6	2	0	0.003	1	0
"S49"	"2019-06-12"	"eds"	0.047	5.54	0	0	0.11	0	3.5	0
"S50"	"2019-05-21"	"grab"	0.019	1.85	2.2	3	0	0.004	0.7	0
"S50"	"2019-06-12"	"grab"	0.028	3	2.2	0	0	0	0	0
"S50"	"2019-04-10"	"grab"	0.065	5.2	1.5	2	0	0	0	0
"S50"	"2019-05-06"	"grab"	0.01	2.28	1.3	2	0	0.009	0.5	0
"S50"	"2019-06-12"	"eds"	0.2	2.94	2.5	6	0.81	0.021	3.5	0.03
"S50"	"2019-07-01"	"grab"	0.031	2.95	2.5	2	0	0.004	1	0
"S51"	"2018-05-03"	"grab"	0.054	10.2	0	3	0	0.002	7	0.03
"S51"	"2018-05-16"	"eds"			0	7	0		3	0
"S51"	"2018-06-04"	"eds"	0.039	4.95	0.7	0	0	0	1.8	0
"S51"	"2018-05-24"	"grab"	0.24	9.36	0.6	0	0	0.022	1.3	0
"S51"	"2018-06-04"	"eds"	0.026	4.59	0.6	0	0	0.005	1.5	0
"S51"	"2018-05-22"	"eds"			0.6	44	0		1.6	0.03
"S51"	"2018-10-18"	"grab"	0.024	0	0	0	0		0	0.17
"S51"	"2018-06-06"	"grab"	0.016	4.92	0	0	0	0	0.7	0
"S52"	"2018-06-14"	"eds"	0.147	3.17	2.5	2	0	0.008	5.6	0
"S52"	"2018-07-10"	"grab"	0.082	1.13	1.6	0	0	0.004	0	0
"S52"	"2018-07-19"	"eds"	1.86	12.5				0.181		
"S52"	"2018-06-11"	"eds"	2.41	5.02	3.9	2	0	0.086	12.5	0
"S52"	"2018-05-09"	"grab"	0.09	1.29	1	2	0	0.006	0	0
"S53"	"2018-06-13"	"eds"	0.428	3.45	3.5	10	0	0.075	8.3	0
"S53"	"2018-04-09"	"eds"			1.7	93	0		6.5	0.07
"S53"	"2018-06-08"	"eds"	0.455	3.52	4	10	0	0.022	11.6	0
"S53"	"2019-04-10"	"grab"	0.023	1.65	2.3	4	0	0.004	1.1	0
"S53"	"2019-04-29"	"grab"	0.01	1.31	2.9	3	0	0.004	0	0.03
"S53"	"2018-09-07"	"eds"	0.226	4.22	5	23	0	0.022	8.1	0.08
"S53"	"2019-06-11"	"grab"	0.025	1.19	2.6	0	0.08	0.008	1.1	0
"S53"	"2019-05-20"	"grab"	0.034	1.24	3.7	5	0	0.003	0	0.03
"S53"	"2018-05-08"	"grab"	0.065	0.941	2.8	0	0	0.005	0.7	0
"S53"	"2018-08-10"	"eds"	0.737	8.58	5.7	11	0.6	0.387	16.5	0
"S53"	"2019-06-11"	"grab"	0.063	1.12	3.6	4	0.15	0.004	1.5	0.03
"S53"	"2019-07-01"	"grab"	0.099	0.894	5.7	2	0.12	0.011	2.4	0.03
"S53"	"2019-05-08"	"eds"	0.688	0.834						
"S53"	"2018-07-23"	"eds"	1.99	17.2	4.3	12	0.5	0.277	9.4	0.04
"S53"	"2019-05-25"	"eds"	0.567							
"S53"	"2019-06-11"	"grab"	0.33	4.61	3.5	0	0	0	0	0
"S54"	"2018-07-19"	"eds"	1.65	6.89	13.8	3	0	0.061	3.9	0
"S54"	"2018-06-14"	"eds"	0.217	3.45	20.3	0	0	0.008	1.7	0
"S54"	"2018-05-13"	"eds"	0.286	1.69	13	2	0	0.008	2	0
"S54"	"2018-05-09"	"grab"	0.108	1.59	18.9	0	0	0.004	0	0
"S54"	"2018-05-14"	"eds"	0.161	2.65	10.5	5	0	0.006	2.8	0
"S54"	"2018-04-09"	"eds"			10.4	102	1.2		2.3	0.07
"S55"	"2018-07-19"	"eds"	1.9	9.98	7.3	4	0	0.15	8.2	0
"S55"	"2018-04-09"	"eds"			3.9	94	0		2.9	0.02
"S55"	"2018-06-11"	"eds"	0.233	3.14	7.1	6	0	0.008	6.3	0
"S55"	"2018-05-09"	"grab"	0.118	1.28	8.1	0	0	0.005	0	0
"S55"	"2018-04-09"	"eds"			4.2	79	0		3.1	0.04
"S55"	"2018-05-13"	"eds"	0.604	3.08	4.4	11	0	0.019	3.1	0
"S55"	"2018-08-20"	"eds"	1.41	10.6	8.7	120	0	0.168	9.3	0.18
"S55"	"2018-07-06"	"eds"	0.391	1.87	6.3	2	0	0.016	2.9	0
"S55"	"2018-05-14"	"eds"	0.168	3.39	3.8	15	0	0.006	6.3	0
"S56"	"2019-05-21"	"grab"	0.133	2.19	2.2	6	0	0.005	3.8	0
"S56"	"2018-04-09"	"eds"			2	104	0		11.3	0.03
"S56"	"2018-05-13"	"eds"	0.474	3.16	1.5	19	0	0.022	6	0
"S56"	"2018-07-23"	"eds"	0.423	4.51	1.9	44	0	0.013	15.5	0
"S56"	"2019-06-11"	"grab"	0.009	0.371	0	0	0.1	0	0	0.02
"S56"	"2018-06-13"	"eds"	0.338	3.74	1.6	33	0	0.008	12.4	0
"S56"	"2018-05-08"	"grab"	0.134	1.13	2.5	0	0	0.008	1	0
"S56"	"2019-07-01"	"grab"	0.289	2.75	6.8	0	0	0.006	3.4	0
"S56"	"2019-04-29"	"grab"	0.065	1.76	2.4	3	0	0.004	1.3	0
"S56"	"2018-04-09"	"eds"			1.2	210	0.5		14.5	0.02
"S56"	"2019-04-08"	"grab"	0.055	1.95	2.3	2	0	0	2.4	0
"S56"	"2019-06-11"	"grab"	0.009	0.405	0	0	0	0	0.6	0
"S56"	"2019-06-11"	"grab"	0.128	1.57	2.9	4	0	0.004	3.7	0
"S57"	"2019-05-21"	"grab"	0.27	18.4	1.2	13	0	0	2.8	0
"S57"	"2019-07-01"	"grab"	0.064	8.09	1.3	8	0	0.005	6.5	0
"S57"	"2019-06-11"	"grab"	0.522	10.4	0.7	26	0.12	0.006	4.7	0
"S57"	"2019-05-21"	"eds"	1.98	21.5						
"S57"	"2019-05-27"	"eds"			0.9	31	0.06		7.4	0
"S57"	"2019-05-27"	"eds"	0.459	12.9				0.003		
"S57"	"2019-04-24"	"eds"	1.32	9.54				0.015		
"S57"	"2019-04-08"	"grab"	0.106	10.3	1.1	12	0	0	2.5	0
"S57"	"2019-04-29"	"grab"	0.377	8.97	1.3	16	0	0.005	2.3	0
"S58"	"2019-06-11"	"grab"	0.035	3.37	5.6	2	0	0	0.9	0
"S58"	"2019-06-11"	"grab"	0.026	1.11	5.7	0	0	0	0	0
"S58"	"2018-06-13"	"eds"	0.702	5.4	6.1	3	0	0.027	10.8	0
"S58"	"2019-04-08"	"grab"	0.034	2.75	5.4	0	0	0	0.9	0
"S58"	"2019-07-01"	"grab"	0.026	1.78	8.3	0	0	0.006	1.8	0
"S58"	"2018-04-09"	"eds"			4	79	0.9		6	0.06
"S58"	"2018-05-13"	"eds"	0.159	3.46	5.3	7	0	0.016	4.1	0
"S58"	"2019-05-21"	"grab"	0.111	1.57	4.9	9	0	0.007	3.8	0
"S58"	"2018-05-08"	"grab"	0.081	1.37	4.8	0	0	0.003	0	0
"S58"	"2019-04-29"	"grab"	0.03	2.79	4.6	2	0	0.003	0	0
"S58"	"2018-06-08"	"eds"	0.132	3.23	6.3	2	0	0.009	3.3	0
"S59"	"2018-05-09"	"grab"	0.116	0.676	2	2	0	0.007	0	0
"S59"	"2018-07-19"	"eds"	1.85	8.84	2.7	3	0	0.199	6.1	0
"S59"	"2019-04-24"	"eds"	0.374	4.56						
"S59"	"2019-07-03"	"grab"	0.054	0.829	2.3	2	0	0.005	1.8	0
"S59"	"2019-05-20"	"grab"	0.086	1.1	1.9	4	0	0	0	0
"S59"	"2018-08-20"	"eds"	0.705	4.93	2	6	0	0.061	6.3	0
"S59"	"2019-06-12"	"grab"	0.019	0.688	3.1	0	0	0	0	0
"S59"	"2019-06-12"	"grab"	0.018	0.577	3.7	3	0	0	0	0.02
"S59"	"2019-04-10"	"grab"	0.065	1.49	1.9	3	0	0	1.3	0
"S59"	"2019-06-12"	"grab"	0.019	0.808	1.9	4	0	0.005	1.6	0
"S59"	"2018-05-14"	"eds"	0.224	1.58	2.2	5	0	0.005	2.8	0
"S59"	"2018-04-09"	"eds"			2.2	86	0.9		3.7	0.06
"S59"	"2019-04-29"	"grab"	0.076	1.52	1.5	5	0	0.005	0.3	0
"S59"	"2018-06-14"	"eds"	2.43	5.89	2.4	3	0	0.124	5.6	0
"S60"	"2019-07-03"	"grab"	0.066	0.191	2.6	0	0	0.005	2.9	0
"S60"	"2018-07-19"	"eds"	1.93	13.1	2.1	2	0	0.367	4.3	0
"S60"	"2019-06-12"	"grab"	0.052	3.65	1.3	6	0.57	0	0	0
"S60"	"2019-04-09"	"grab"	0.026	2.25	1.6	0	0	0	0.9	0
"S60"	"2018-06-10"	"eds"	1.23	4.91	2.8	0	0	0.073	4.4	0
"S60"	"2019-04-24"	"eds"	0.306	0.127						
"S60"	"2018-04-09"	"eds"			1.5	97	0.6		6.6	0.02
"S60"	"2018-09-07"	"eds"	0.374	3.52	2.3	3	0	0.017	5	0
"S60"	"2019-05-20"	"grab"	0.023	1.22	1.4	0	0	0	0	0
"S60"	"2018-05-14"	"eds"	0.309	1.88	1.9	4	0	0.016	4.8	0
"S60"	"2019-04-29"	"grab"	0.047	1.84	1.6	2	0	0	0	0
"S60"	"2019-06-12"	"grab"	0.181	1.55	1.9	14	0.62	0	0	0.06
"S60"	"2018-08-20"	"eds"	0.347	4.46	2.2	3	0	0.02	6.7	0
"S60"	"2018-05-09"	"grab"	0.086	0.951	1.6	0	0	0.004	0.8	0
"S60"	"2019-06-12"	"grab"	0.021	2.19	2	8	0.36	0.004	4.9	0
"S61"	"2019-06-11"	"eds"	0.201	8.75	0.5	2	0.11	0.003	1.9	0.03
"S61"	"2019-05-23"	"grab"	0.014	5.84	0	3	0	0.004	0	0.05
"S61"	"2019-05-02"	"grab"	0.011	6.27	0	0	0	0.003	0.6	0.07
"S61"	"2019-04-08"	"grab"	0.013	6.23	0	0	0	0	0.8	0.08
"S61"	"2019-06-14"	"grab"	0.016	8.21	0	3	0	0.008	0	0.05
"S61"	"2019-07-01"	"grab"	0.011	7.37	0	3	0	0	1	0.09
"S62"	"2018-10-17"	"grab"	0.011	7.69	0.6	2	0		0	0.24
"S62"	"2018-06-13"	"grab"	0.008	4.52	1	0	0		0.8	0
"S63"	"2018-05-10"	"eds"	0.203	1.87	0.6	49	0	0.016	4.9	0.06
"S63"	"2018-10-18"	"grab"	0.05	7.11	0	0	0		0.6	0.1
"S63"	"2019-04-09"	"grab"	0.039	8.34	0.6	0	0	0	2.3	0
"S63"	"2019-05-21"	"eds"	0.454	8	1.1	5	0.19	0.01	5.3	0
"S63"	"2018-07-05"	"grab"						0		
"S63"	"2019-05-01"	"grab"	0.086	6.87	0.7	0	0	0.003	1.5	0
"S63"	"2019-06-13"	"grab"	0.138	8.78	1.2	2	0.11	0	2.1	0.02
"S63"	"2018-06-14"	"grab"	0.014	4.15	1	0	0		0.8	0
"S63"	"2019-07-01"	"grab"	0.193	7.84	1.2	0	0	0.005	2.5	0.02
"S63"	"2018-05-08"	"grab"	0.056	6.16	0	0	0	0.002	1.8	0.03
"S64"	"2018-05-08"	"grab"	0.017	2.65	1.1	0	0	0.002	2.7	0
"S64"	"2018-06-13"	"grab"	0.012	0.596	2.3	0	0		0	0
"S64"	"2018-07-05"	"grab"						0		
"S64"	"2018-10-17"	"grab"	0.075	0.346	3.3	1	0		0.9	0.02
"S65"	"2019-07-01"	"grab"	0.022	6.66	0	2	0.18	0.004	5.5	0
"S65"	"2019-05-22"	"grab"	0.014	5.45	0	3	0	0.004	1.9	0.02
"S65"	"2019-04-09"	"grab"	0.028	6.6	0.8	2	0	0.004	2.5	0.03
"S65"	"2019-06-11"	"eds"	0.035	6.02	0.6	0	0	0	1.7	0.02
"S65"	"2019-06-13"	"grab"	0.071	6.28	0.7	3	0	0	1.1	0.03
"S65"	"2019-05-01"	"grab"	0.027	6.05	0.6	0	0	0.006	1.7	0
"S66"	"2019-07-01"	"grab"	0.12	8.84	2	3	0	0.005	1.8	0
"S66"	"2019-06-10"	"grab"	0.1	6.03	1.8	0	0	0	0.6	0
"S66"	"2019-04-29"	"grab"	0.142	7.28	1	0	0	0.005	0	0
"S66"	"2019-04-15"	"grab"	0.039	7.55	0.8	0	0	0	0	0
"S66"	"2019-05-20"	"grab"	0.058	4.87				0.004		
"S67"	"2018-06-10"	"eds"	0.323	4.94	1.4	0	0	0.004	1.6	0
"S67"	"2018-06-08"	"grab"	0.171	5.12	1.6	0	0	0	0.7	0
"S67"	"2018-10-22"	"grab"	0.081	2.93	0.8	2	0		0	0.14
"S68"	"2018-04-15"	"eds"			1.3	106	3.5		4.1	0.07
"S68"	"2018-04-09"	"eds"			0.8	76	0.8		3.2	0.04
"S68"	"2018-06-26"	"eds"	0.129	2.71	1.6	85	0	0.003	5.4	0
"S68"	"2018-06-10"	"eds"	1.9	0.44	2.4	7	0	1.11	8.1	0
"S68"	"2018-05-17"	"eds"	1.09	3.88	2.2	3	0	0.049	5.5	0.13
"S68"	"2018-06-08"	"grab"	0.177	1.15	3.5	0	0	0.01	0.9	0
"S68"	"2018-06-26"	"eds"			1.3	8	0	0.271	5.1	0
"S68"	"2018-06-10"	"eds"	1.38	3.78	3.2	2	0	0.047	1.3	0
"S68"	"2018-04-30"	"grab"	0.492	5.36	1.2	3	0	0.005	1.7	0
"S68"	"2018-06-03"	"eds"	1.18	4.57	2.4	4	0	0.011	6.5	0.02
"S68"	"2018-05-17"	"eds"			1.4	2	0		3.6	0
"S68"	"2018-04-09"	"eds"			0.8	103	0.9		2.7	0.02
"S69"	"2018-07-11"	"eds"	0.201	8.2	0.8	39	0.5	0.004	10.8	0.07
"S69"	"2018-07-13"	"eds"	0.176	5.05	0.6	21	0	0.006	6.9	0.03
"S69"	"2018-05-16"	"eds"	0.07	4.05	0	48	0	0.003	2.7	0.05
"S69"	"2018-08-20"	"eds"	0.461	10.9						
"S69"	"2018-05-25"	"grab"	0.144	1.07	0	5	0	0.005	0.9	0
"S69"	"2018-06-08"	"grab"	0.02	5.67	0	0	0	0	0	0.03
"S69"	"2018-04-30"	"grab"	0.054	6.2	0	0	0	0	0.6	0.02
"S69"	"2018-10-22"	"grab"	0.026	2.41	0	4	0		0	0.28
"S69"	"2018-05-31"	"eds"	1.88	9.23	0	52	0	0.081	1.8	0.04
"S69"	"2018-05-16"	"eds"			0	21	0		1.8	0
"S70"	"2019-04-26"	"eds"	0.235	1.7	1.2	6	0	0.004	3.2	0
"S70"	"2019-04-08"	"grab"	0.038	25.2	0.6	2	0	0	1.3	0
"S70"	"2019-06-21"	"eds"	0.141	3.22	1.1	2	0	0.003	1	0
"S70"	"2019-07-01"	"grab"	0.052	40.5	0	4	0	0.005	2.4	0
"S70"	"2019-05-20"	"grab"	0.051	28.8	0.7	3	0	0.007	1.5	0
"S70"	"2019-06-10"	"grab"	0.043	39.6	0.5	0	0	0	0	0
"S70"	"2019-04-29"	"grab"	0.065	22.4	0.5	2	0	0.003	1	0
"S71"	"2018-06-08"	"eds"	0.107	8.46	0.8	6	0	0	2.7	0
"S71"	"2018-06-08"	"eds"	0.057	11.5	1	4	0	0	1.6	0.06
"S71"	"2018-05-22"	"eds"			0	3	0		1	0.05
"S71"	"2018-06-08"	"grab"	0.103	11.2	1	8	0	0	2.2	0.04
"S71"	"2018-05-14"	"eds"			0	431	0		4.1	0.15
"S71"	"2018-05-20"	"eds"			0.7	14	0		2.4	0.09
"S71"	"2018-05-18"	"eds"	0.049	10.8	0	4	0		1.8	0.06
"S71"	"2018-05-16"	"eds"						0		
"S71"	"2018-05-17"	"eds"						0.013		
"S71"	"2018-05-17"	"eds"	0.316	2.18	0.7	13	0		1.6	0.03
"S71"	"2018-10-22"	"grab"	0.061	2.92	0	4	0		0	0.04
"S72"	"2018-05-17"	"eds"	0.115	1.95	0.8	0	0	0.006	1	0
"S72"	"2018-06-05"	"grab"	0.014	1.09	0.9	0	0	0	0.6	0
"S72"	"2018-04-30"	"eds"	0.056	2.13	0.6	2	0	0.016	1	0
"S73"	"2018-06-05"	"grab"	0.01	5.4	0	0	0	0.002	0.7	0.02
"S73"	"2018-05-01"	"grab"	0.025	8.29	0	0	0	0.003	1.6	0.05
"S73"	"2018-10-22"	"grab"	0.015	5.01	0	2	0		0.8	0.05
"S73"	"2018-06-03"	"eds"	0.133	4.1	0.6	29	1	0.006	11.2	0.13
"S74"	"2018-05-16"	"eds"			0.7	34	0.8		1.5	0.07
"S74"	"2018-06-05"	"grab"	0.13	0.671	1.2	0	0	0	0	0
"S74"	"2018-10-24"	"grab"	0.03	0	0.7	3	0		0.6	0.05
"S74"	"2018-05-29"	"grab"						0		
"S74"	"2019-04-03"	"grab"	0.034	0.85	0	3	0	0	1.4	0
"S74"	"2019-05-21"	"eds"	0	0.582	0	0	0	0	1.5	0
"S74"	"2019-06-11"	"grab"	0.489	0.164	0.9	2	0	0	0.7	0
"S74"	"2018-05-01"	"grab"	0.237	2.89	0.7	3	0	0.004	3.1	0
"S74"	"2018-06-07"	"eds"	0.213	1.7	1.4	9	0	0.006	1.7	0
"S74"	"2018-05-16"	"eds"	0.096	0.951	0.8	12	0	0.003	0.8	0
"S74"	"2019-04-30"	"grab"	0.05	0.918	0	2	0	0.003	0	0
"S74"	"2018-05-16"	"eds"	0.385	2.23	1	7	0	0.016	1.7	0.05
"S74"	"2018-06-03"	"eds"	0.373	2.03	1.5	7	0	0.003	0.7	0
"S74"	"2019-05-21"	"grab"	0.06	1.14	0.7	4	0	0.005	1.3	0
"S75"	"2019-05-20"	"eds"	0.023	6.16	0	5	0	0	2.6	0
"S75"	"2019-06-20"	"eds"	0.334	4.98	1.9	6	0.15	0.003	12.4	0.02
"S75"	"2019-05-03"	"grab"	0.017	5.9	0.5	0	0	0	0.5	0
"S75"	"2019-06-14"	"grab"	0.04	5.91	1	2	0	0.004	1.1	0
"S75"	"2019-05-24"	"grab"	0.058	11.2	0.7	5	0	0.005	2.4	0
"S75"	"2019-04-11"	"grab"	0.025	5.99	0	2	0	0	0.7	0
"S75"	"2019-04-30"	"eds"	0.02	5.1	0.7	4	0	0	2.3	0
"S76"	"2018-06-05"	"grab"	0.036	9.04	1	0	0	0.003	0.6	0
"S76"	"2019-04-30"	"grab"	0.022	4.4	0.7	0	0	0.003	1.7	0
"S76"	"2019-07-01"	"grab"	0.152	7.63	1.8	4	0.15	0.01	7.1	0
"S76"	"2019-04-16"	"grab"	0.026	4.89	0.7	0	0	0	2	0
"S76"	"2019-04-27"	"eds"	0.16	3.34	0.9	12	0	0	18.4	0.03
"S76"	"2019-05-21"	"grab"	0.013	1.68	1.1	3	0.1	0.011	7.1	0
"S76"	"2019-05-20"	"eds"	0.043	2.3	0.9	5	0.22	0.004	11.3	0
"S76"	"2018-05-01"	"grab"	0.131	8.51	0.6	2	0	0.005	1.7	0
"S76"	"2018-10-15"	"grab"	0.012	7.52	0.8	0	0		0.7	0
"S76"	"2019-06-11"	"grab"	0.152	8.21	1.2	2	0.09	0.015	4.6	0
"S76"	"2018-05-11"	"eds"			1.2	4	0		9.7	0
"S76"	"2019-05-11"	"eds"	0.63	5.08	0.7	3	0	0.005	4.4	0
"S77"	"2018-06-03"	"eds"	0.253	6.14	1.9	7	0	0.003	4.5	0
"S77"	"2018-06-14"	"eds"	0.531	7.68	2.2	2	0		4.6	0
"S77"	"2018-05-18"	"eds"	0.263	1.51	1.6	6	0	0.037	3.1	0
"S77"	"2018-06-14"	"eds"	0.251	6.61	2	2	0	0.006	2.8	0
"S77"	"2018-05-11"	"eds"			1.2	25	0		12.5	0.02
"S77"	"2018-06-07"	"grab"	0.116	3.62	1.6	0	0	0.006	0.9	0
"S77"	"2018-10-17"	"grab"	0.154	5.94	1.2	0	0		0	0
"S77"	"2018-05-01"	"grab"	0.192	8.09	1.1	0	0	0.004	2.8	0
"S77"	"2018-06-26"	"eds"	0.216	6.26				0.017		
"S77"	"2018-05-25"	"eds"	0.262	7.36	1.4	22	0	0.003	2.3	0
"S78"	"2019-07-01"	"grab"	0.03	12.8	0.6	0	0	0.004	2.3	0
"S78"	"2018-05-24"	"eds"			0	59	0		1.2	0.02
"S78"	"2019-06-13"	"grab"	0.011	13.4	0.6	0	0	0	0.7	0
"S78"	"2018-05-01"	"grab"	0.031	13	0	0	0	0.006	0	0
"S78"	"2019-07-04"	"eds"	0.434	5.04				0.02		
"S78"	"2019-06-16"	"eds"	0.13	12.5	0.7	0	0	0.011	2.5	0.02
"S78"	"2018-06-07"	"grab"	0.015	12.3	0.7	0	0	0	0	0
"S78"	"2019-06-12"	"eds"	0.221	4.51	0.9	0	0	0.039	2.9	0.04
"S78"	"2019-05-20"	"eds"	0	9.76	0	2	0	0	1.1	0
"S78"	"2018-10-17"	"grab"	0.01	10.7	0.6	0	0		0	0
"S78"	"2019-05-02"	"grab"	0	10.5	0.7	0	0	0.003	0.7	0
"S78"	"2019-04-12"	"grab"	0.017	12.1	0.6	0	0	0	0	0
"S78"	"2019-05-23"	"grab"	0	10.3	0	2	0	0.004	1	0
"S79"	"2018-08-28"	"eds"	1.11	10.5						
"S79"	"2019-05-16"	"eds"	0.044	2.98	0.6	3	0.05	0	3.3	0
"S79"	"2018-06-05"	"grab"	0.033	5.57	0.8	0	0	0.003	0	0
"S79"	"2019-05-23"	"grab"	0.041	2.25	0.7	3	0.06	0.009	2.3	0
"S79"	"2019-07-01"	"grab"	0.083	0.53	2.6	2	0.11	0.004	5.2	0
"S79"	"2018-08-10"	"eds"	0.272	4.67						
"S79"	"2019-04-26"	"eds"	0.353	3.58	0.6	20	0	0	8.3	0
"S79"	"2018-04-09"	"eds"			1	94	0.8		3.1	0.06
"S79"	"2019-05-21"	"eds"	0.73	4.54	0.8	11	1.54	0.029	5	0.02
"S79"	"2018-10-15"	"grab"	0.094	3	0.8	0	0		0.6	0.05
"S79"	"2019-06-12"	"eds"	0.289	3.7	1	2	0.1	0.01	3.5	0
"S79"	"2018-08-02"	"eds"	0.596	8.21	1.3	13	0	0.017	5.9	0.02
"S79"	"2019-05-02"	"grab"	0.079	2.23	1.1	0	0	0.003	1.1	0
"S79"	"2019-06-13"	"grab"	0.032	3.66	0.9	2	0.1	0.005	4.1	0
"S79"	"2019-05-11"	"eds"	0.129	2.62	0.7	6	0	0.007	3.1	0
"S79"	"2018-05-01"	"grab"	0.086	9.01	0.8	2	0	0.003	0	0
"S79"	"2019-04-11"	"grab"	0.083	3.56	0.6	0	0	0.004	1.6	0
"S81"	"2019-06-14"	"grab"	0.055	15	1.1	3	0.16	0	2	0
"S81"	"2019-04-12"	"grab"	0.039	12.8	0	3	0	0	0.9	0
"S81"	"2019-05-20"	"eds"	0.19	5.6	1.3	10	0.26	0.01	5.7	0.02
"S81"	"2019-07-01"	"grab"	0.047	15.7	0.9	4	0.29	0.005	4	0.02
"S81"	"2019-05-03"	"grab"	0.018	12.1	0.7	2	0	0	0.8	0
"S81"	"2019-04-30"	"eds"	0.013	10.1	0.8	7	0	0	2.7	0.03
"S81"	"2019-05-24"	"grab"	0.029	13.5	0.9	6	0.17	0.006	1.9	0.02
"S81"	"2019-06-12"	"eds"	0.352	6.55	1.5	5	0.34	0.006	8.1	0.04
"S81"	"2019-05-11"	"eds"		0.075				0.008		
"S82"	"2018-05-16"	"eds"	0.04	0.41	1.1	50	0	0.005	2.5	0.03
"S82"	"2018-04-09"	"eds"			0.9	118	0		2.6	0.07
"S82"	"2018-05-16"	"eds"	0.059	9.82						
"S82"	"2018-04-09"	"eds"			0.8	91	1		2.8	0.07
"S82"	"2018-05-16"	"eds"						0.004		
"S82"	"2018-06-07"	"grab"	0.039	8.03	1.2	0	0	0.003	0.6	0
"S82"	"2018-05-01"	"grab"	0.134	11.5	0.9	2	0	0.011	1.1	0
"S83"	"2019-04-08"	"grab"	0.006	22.6	0.3	0	0	0	0.8	0
"S83"	"2019-06-11"	"grab"	0.051	21.7	0.6	0	0	0	2.6	0.03
"S83"	"2019-05-07"	"grab"	0.01	16.6	0.3	18	0	0.004	35.8	0.03
"S83"	"2019-05-20"	"grab"	0.018	15.1	0	2	0	0.004	1.1	0.04
"S83"	"2019-07-01"	"grab"	0.021	22.1	0.6	0	0	0.005	1.3	0.03
"S83"	"2019-05-20"	"eds"	0.045	12.7	0.6	8	1.7	0	3	0.04
"S83"	"2019-06-13"	"eds"	1.29	0.128	0.9	0	0	0.104	5.3	0.04
"S84"	"2018-05-16"	"eds"	0.046	11.6	0.9	0	0	0	1.9	0
"S84"	"2018-05-03"	"grab"	0.046	4.11	0.6	2	0	0	0.6	0
"S84"	"2018-05-24"	"eds"	0.13	3.72	0.7	26	0		2.7	0
"S84"	"2018-10-15"	"grab"	0.017	1.34	0.7	0	0		0	0
"S84"	"2018-06-05"	"grab"	0.01	2.78	0.9	0	0	0	0	0
"S84"	"2018-05-24"	"eds"						0		
"S85"	"2018-10-15"	"grab"	0.109	11.6	0	0	0		0	0.05
"S85"	"2018-05-15"	"eds"	0.218	11.8	0.8	12	0	0.002	3.3	0.03
"S85"	"2018-05-03"	"grab"	0.311	12.5	0	2	0	0.003	1.2	0.35
"S85"	"2018-05-10"	"eds"	2.22	5.43	0.8	173	0	0.051	3.9	0.05
"S85"	"2019-06-10"	"eds"			2.6	24	0.18	0.009	3.2	0
"S85"	"2019-04-15"	"grab"	0.314	5.62	0.9	7	0	0	0.8	0.01
"S85"	"2018-06-05"	"grab"	0.048	9.96	0.7	0	0	0	0	0
"S85"	"2018-05-24"	"grab"	0.733	11.2	0.9	37	0	0.009	2.9	0
"S85"	"2018-05-27"	"eds"	0.112	0.691	0.8	10	0	0.002	5.3	0.04
"S85"	"2018-06-07"	"eds"	0.396	1.27	1	8	0	0.003	4.3	0
"S85"	"2019-05-20"	"grab"	0.473	2.02	2	4	0	0.006	0.7	0
"S85"	"2019-05-21"	"eds"	0.402	23.9	1.3	9	0	0	17.1	0
"S85"	"2019-06-11"	"grab"	1.44	6.63	2.6	3	0	0.005	1.4	0
"S85"	"2019-04-29"	"grab"	0.662	4.22	1.7	0	0	0.003	0	0
"S87"	"2018-05-02"	"grab"	0.097	3.3	0	0	0	0.004	0.7	0
"S87"	"2018-06-06"	"grab"	0.042	0.807	0	0	0	0	0	0
"S87"	"2018-10-24"	"grab"	0.194	1.7	0	0	0		0	0.26
"S88"	"2018-05-03"	"grab"	0.071	10.3	0	0	0	0.042	4.2	0.02
"S88"	"2018-06-12"	"grab"	0.041	5.24	0.9	0	0		1.9	0
"S88"	"2018-06-24"	"grab"						0		
"S89"	"2018-05-03"	"grab"	0.081	8.23	0.9	0	0	0.004	2	0
"S89"	"2018-06-07"	"grab"	0.07	3.71	1.7	0	0	0	1.1	0.2
"S90"	"2019-04-30"	"grab"	0.018	3.08	1.4	0	0	0.02	1.8	0
"S90"	"2019-04-18"	"grab"	0.015	4.58	0.9	0	0	0.006	1.9	0
"S90"	"2019-05-21"	"grab"	0.018	3.47	0.8	0	0	0.005	1.1	0
"S90"	"2019-07-01"	"grab"	0	2.76	0.8	0	0	0	1.5	0
"S90"	"2019-06-12"	"grab"	0.025	2.74	1	0	0	0	0.6	0
"S91"	"2018-06-05"	"grab"	0.032	7.88	0	4	0	0	0	0.08
"S91"	"2018-05-04"	"grab"	0.107	9.32	0	12	0	0.005	2.1	0.11
"S91"	"2018-10-16"	"grab"	0.019	0	0	7	0		1.6	0.05
"S92"	"2019-05-22"	"grab"	0.061	0.924	1.7	2	0	0.005	0	0
"S92"	"2019-05-01"	"grab"	0.046	0.658	1.3	0	0	0.003	0	0
"S92"	"2019-06-11"	"eds"		3.08	2.1	4	0.86	0	13.7	0.02
"S92"	"2019-05-09"	"eds"	0.023	2.94	1.1	13	0.17	0.006	13.5	0.04
"S92"	"2019-04-11"	"grab"	0.023	5.34	1	4	0	0	0.7	0.06
"S92"	"2019-07-01"	"grab"	0.072	0.632	1.6	0	0	0	1.3	0
"S92"	"2019-06-12"	"grab"	0.088	1.73	1.9	2	0.09	0	0.9	0
"S93"	"2019-05-01"	"grab"	0.019	3.93	0.5	2	0	0.003	0.7	0.03
"S93"	"2019-06-13"	"grab"	0.056	4.02	0.6	2	0	0	1	0.02
"S93"	"2019-04-11"	"grab"	0	6.18	0	9	0	0.005	1.5	0.04
"S93"	"2019-05-22"	"grab"	0.039	3	0	3	0	0.005	1.1	0
"S93"	"2019-07-01"	"grab"	0.058	1.62	0	2	0	0.006	1.8	0
"S94"	"2018-05-03"	"grab"	0.252	12.3	0	13	0	0.002	2.1	0.19
"S94"	"2018-05-27"	"eds"			0	88	0		4.4	0.06
"S94"	"2018-06-06"	"grab"	0.015	12.2	0	3	0	0	0	0.08
"S94"	"2018-10-17"	"grab"	0.215	3.02	3.5	2	0		0	0
"S94"	"2018-05-13"	"eds"	0.201	1.94	0.5	106	0.5	0.006	13.5	0.11
"S94"	"2018-06-01"	"eds"	0.118	6.89	0	11	0	0.003	5.1	0.02
"S95"	"2019-05-21"	"eds"	0.021	0.86	1	3	0	0	1.7	0
"S95"	"2019-06-11"	"eds"	0.179	4.49				0		
"S95"	"2019-05-20"	"grab"	0.01	0.333	1.1	0	0	0.004	0.9	0
"S95"	"2019-04-09"	"grab"	0.019	6.96	1	0	0	0	1.6	0
"S95"	"2019-06-11"	"grab"	0.088	3.69	2.3	3	0.07	0	3.1	0
"S95"	"2019-05-06"	"grab"	0.014	1.48	0.7	2	0	0.004	1.4	0
"S96"	"2019-04-09"	"grab"	0.037	3.1	0	2	0	0	1.1	0
"S96"	"2019-05-22"	"grab"	0.042	2.24	0	4	0	0.004	1	0.02
"S96"	"2019-06-13"	"grab"	0.041	2.65	0.6	3	0	0	0	0.02
"S96"	"2019-07-01"	"grab"	0.019	0.873	0.6	4	0	0	3.4	0.04
"S96"	"2019-05-01"	"grab"	0.036	2.6	0.5	0	0	0.003	0.6	0
"S97"	"2019-04-08"	"grab"	0.029	4.83	0.9	0	0	0	1.3	0
"S97"	"2019-05-20"	"grab"	0.099	3.91	1.7	0	0	0.006	1.1	0
"S97"	"2019-04-29"	"grab"	0.138	3.83	0.5	21	0	0.003	0.5	0.51
"S97"	"2019-06-10"	"grab"	0.146	6.56	2	2	0	0	0.9	0
"S97"	"2019-07-01"	"grab"	0.1	4.5	3	4	0	0.003	4.2	0
"S98"	"2019-05-16"	"eds"	0.038	4.08	0.9	12	0	0	4	0.03
"S98"	"2018-06-07"	"grab"	0.02	5.26	1.2	0	0	0.003	1.3	0.05
"S98"	"2018-06-12"	"eds"	0.196	3.31	1	5	0	0.011	2.5	0.02
"S98"	"2018-04-18"	"eds"			0.9	86	0		2.3	0.07
"S98"	"2019-07-01"	"grab"	0.065	4.59	1.1	8	0	0	7.5	0.03
"S98"	"2018-05-16"	"eds"	0.035	1.54	0.7	93	0	0.002	3.8	0.07
"S98"	"2019-05-02"	"grab"	0.108	3.04	0.8	2	0	0.003	1.4	0.04
"S98"	"2018-06-12"	"grab"	0.186	5.57	1.3	3	0	0.005	2.9	0.04
"S98"	"2018-04-09"	"eds"			0.8	71	0		2.7	0.04
"S98"	"2019-05-21"	"eds"	0.053	2.44	0.7	9	0	0.013	7.4	0.02
"S98"	"2019-04-12"	"grab"	0.031	4.15	0.9	4	0	0	3.1	0.03
"S98"	"2018-06-03"	"eds"			0.8	5	0	0.006	3.7	0.03
"S98"	"2018-07-30"	"eds"	0.223	8.36	1.2	18	0	0.002	7.1	0.03
"S98"	"2018-05-16"	"eds"	0.033	4.62	0.7	31	0		2.6	0.02
"S98"	"2018-05-01"	"grab"	0.092	5.2	0.8	2	0	0	5.3	0.03
"S98"	"2019-06-12"	"eds"	0.024	3.74	1	3	0	0	3.3	0.03
"S98"	"2019-05-23"	"grab"	0.058	2.34	1	5	0.07	0.005	3.4	0.03
"S98"	"2019-05-11"	"eds"	0.152	3.9	0.6	13	0	0	3.1	0.04
"S98"	"2018-10-17"	"grab"	0.147	4.62	0.7	2	0		0.7	0
"S98"	"2019-06-13"	"grab"	0.037	3.61	1	4	0	0	3.4	0.02
"S98"	"2018-06-07"	"eds"	0.174	4.75	1.3	8	0	0.002	2.9	0.03
"S98"	"2018-05-16"	"eds"						0		
"S99"	"2019-06-12"	"eds"	0.015	1.47	2.1	0	0.12	0.01	3.8	0
"S99"	"2019-05-23"	"grab"	0.053	1.01	1.5	2	0	0.008	1.2	0
"S99"	"2019-06-13"	"grab"	0.309	4.13	1.7	2	0.08	0.023	2.5	0
"S99"	"2019-04-11"	"grab"	0.026	1.07	1.1	0	0	0.003	1.2	0
"S99"	"2019-05-02"	"grab"	0.026	0.89	1.1	0	0	0.003	0	0
"S100"	"2018-06-05"	"grab"	0.504	0.858	8.6	0	0	0	0	0
"S100"	"2018-05-02"	"grab"	0.055	6.38	1.7	0	0	0.002	0	0
"S100"	"2018-10-25"	"grab"	0.074	0.254	2.1	2	0		1.9	0.03
"S101"	"2019-05-03"	"grab"	0.007	0.961	0.7	0	0	0	0	0
"S101"	"2019-06-12"	"eds"	0.082	1.91	2	2	0.2	0	3.3	0
"S101"	"2019-07-01"	"grab"	0.188	1.31	2.3	2	0	0.005	3.8	0
"S101"	"2019-05-24"	"grab"	0.009	1.09	1.1	2	0	0.004	0.9	0
"S101"	"2019-05-11"	"eds"	0	1.02	0.6	3	0	0	0.8	0.01
"S101"	"2019-04-11"	"grab"	0.028	2.11	0.7	0	0	0.003	0	0
"S101"	"2019-06-23"	"eds"	0.024	1.47	1.4	0	0.15	0	3.8	0
"S101"	"2019-06-14"	"grab"	0.09	1.53	2	0	0.08	0.009	0	0
"S101"	"2019-04-30"	"eds"	0	1.12	0.8	2	0	0	2.3	0
"S101"	"2019-05-20"	"eds"	0.008	1.83	0.8	15	0.52	0	4.5	0
"S102"	"2019-06-11"	"grab"	0.163	9.35	1.1	0	0	0.009	3.8	0
"S102"	"2019-04-30"	"grab"	0.011	6.76	0.8	0	0	0.003	0	0
"S102"	"2019-05-21"	"grab"	0.039	6.5	0.8	2	0	0.01	1	0
"S102"	"2019-07-01"	"grab"	0.045	7.94	1	2	0	0.006	0.9	0
"S102"	"2019-04-09"	"grab"	0.009	7.11	0.7	0	0	0	0	0
"S103"	"2018-05-03"	"grab"	0.209	2.31	1.9	2	0	0.003	1.1	0.03
"S103"	"2018-06-05"	"grab"	0.085	0.443	4.1	0	0	0	0	0
"S103"	"2018-05-24"	"eds"	0.357	2.01	3.2	48	0	0.003	1.5	0.02
"S103"	"2018-10-15"	"grab"	0.085	2.82	2.5	0	0		0.9	0
"S103"	"2018-05-10"	"eds"	0.295	1.77	2.9	115	0	0.003	5.1	0.05
"S104"	"2019-06-11"	"grab"	0	0.56	0.8	0	0	0	2.8	0
"S104"	"2019-04-16"	"grab"	0.006	0.69				0		
"S104"	"2019-05-20"	"grab"	0.007	1.26	0.7	0	0	0.005	0.4	0
"S104"	"2019-04-29"	"grab"	0.008	0.88	0.7	0	0	0.003	0	0
"S104"	"2019-07-01"	"grab"	0.01	0.622	1.2	0	0	0.006	0.9	0.02
"S105"	"2019-07-01"	"grab"	0	0.762	0	2	0	0	2.4	0
"S105"	"2018-06-06"	"grab"	0	1.14	0	0	0	0	0	0
"S105"	"2018-05-01"	"grab"	0.017	1.58	0	0	0	0	1.1	0
"S105"	"2019-05-22"	"grab"	0	1.28	0	2	0	0.004	0.6	0
"S105"	"2019-04-26"	"eds"	0	0.511	0	0	0	0	0.6	0
"S105"	"2019-04-16"	"grab"			0	0	0	0	0	0
"S105"	"2019-05-01"	"grab"	0	0.849	0	0	0	0	0	0
"S105"	"2019-05-22"	"eds"	0.107	3.46	0.6	2	0.37	0.024	2.5	0
"S105"	"2019-06-11"	"eds"	0.036	1.52	0	0	0.09	0.006	0.8	0.02
"S105"	"2019-06-12"	"grab"	0.007	1.02	0	0	0	0.004	5.2	0
"S106"	"2019-05-02"	"grab"	0.009	2.2	0	2	0	0.003	0	0.06
"S106"	"2019-05-24"	"grab"	0.011	2.67	0	5	0	0.005	0	0.09
"S106"	"2019-06-14"	"grab"	0.02	3.29	0	2	0	0	0	0.08
"S106"	"2019-04-16"	"grab"	0	2.28	0.1	2	0	0	0	0
"S107"	"2019-06-14"	"grab"	0.01	0.96	0	4	0	0	2.1	0.05
"S107"	"2019-04-16"	"grab"	0.006	1	0.1	4	0	0	0	0.08
"S107"	"2019-05-22"	"grab"	0.007	0.988	0	6	0	0.004	0	0.06
"S107"	"2019-05-02"	"grab"	0	0.872	0	2	0	0.033	0	0.07
"S108"	"2019-04-26"	"eds"	0	0.801	0	5	0	0	0.9	0.08
"S108"	"2019-05-21"	"grab"	0.007	0.779	0	2	0	0.005	0.9	0.02
"S108"	"2019-05-21"	"eds"	0.008	0.675	0	2	0	0	1.4	0.03
"S108"	"2019-07-01"	"grab"	0	0.444	0	0	0	0	2.8	0.02
"S108"	"2019-06-11"	"grab"	0.795	1.81	0	2	0	0	6.4	0.04
"S108"	"2019-04-09"	"grab"	0	1.11	0	2	0	0	0.8	0.05
"S108"	"2019-04-30"	"grab"	0	0.501	0	0	0	0.003	0	0
"S108"	"2019-06-09"	"eds"			0	0	0	0	1	0.02
"S109"	"2019-04-26"	"eds"	0	0.364	0.8	6	0	0	3	0
"S109"	"2019-04-09"	"grab"	0	1.24	0.8	0	0	0	0	0
"S109"	"2019-05-22"	"grab"	0.008	2.68	0	0	0	0.005	0.7	0
"S109"	"2019-06-11"	"eds"	0.244	3.13	0.7	0	0	0.048	0.9	0
"S109"	"2019-06-12"	"grab"	0.007	1.5	0.7	0	0	0	1	0
"S109"	"2019-05-20"	"eds"	0.055	2.52	0.8	0	0.17	0.075	2.4	0
"S109"	"2019-05-01"	"grab"	0.007	1.09	0.8	0	0	0.003	0	0
"S109"	"2019-07-01"	"grab"	0	1.59	1	3	0	0	2.9	0.02
"S110"	"2018-05-08"	"grab"	0.045	0.929	2.3	9	0	0.008	1.8	0
"S110"	"2018-07-11"	"grab"	0.027	1.07	2.1	0	0	0.004	0	0
"S111"	"2018-05-08"	"grab"	0.058	2.65	6.9	0	0	0.004	0.2	0
"S111"	"2019-04-10"	"grab"	0.018	1.22	5.5	0	0	0	0	0
"S111"	"2019-06-11"	"grab"	0.055	1.81	5.7	0	0	0	0	0
"S111"	"2018-07-11"	"grab"	0.052	1.34	7.6	0	0	0.004	0	0
"S111"	"2019-05-21"	"grab"	0.072	1.4	5	0	0	0.01	0	0
"S111"	"2019-07-01"	"grab"	0.015	0	9	0	0	0.005	0.6	0
"S111"	"2019-04-29"	"grab"	0.02	1.08	5.3	0	0	0.003	0	0
"S113"	"2018-07-10"	"grab"	0.023	1.18	1.9	7	0	0	0.7	0.02
"S113"	"2018-05-09"	"grab"	0.019	1.15	1.2	14	0	0.003	0	0.02
"S114"	"2019-05-21"	"grab"	0.076	1.57	2	3	0	0.006	2.4	0
"S114"	"2018-05-08"	"grab"	0.036	0.852	1.7	0	0	0.004	0	0
"S114"	"2019-04-29"	"grab"	0.018	1.98	1.5	0	0	0.002	0	0
"S114"	"2019-07-01"	"grab"	0.031	0.424	3.1	0	0	0.006	1.4	0.02
"S114"	"2019-06-11"	"grab"	0.016	1.06	2.1	0	0	0	0	0
"S114"	"2019-06-11"	"grab"	0.023	1.06	1.3	0	0	0.004	0	0.02
"S114"	"2019-04-08"	"grab"	0.024	1.85	1.4	0	0	0	0	0
"S114"	"2019-06-11"	"grab"	0.024	1.92	2.4	2	0.07	0.007	0.9	0
"S115"	"2018-06-05"	"grab"	0	1.18				0		
"S115"	"2018-05-01"	"grab"	0.014	1.57	0	0	0	0.022	0	0.03
"S115"	"2018-10-19"	"grab"	0.014	0.268	0	0	0		0	0
"S116"	"2019-04-29"	"grab"	0.019	0.715	0.6	0	0	0.003	0	0.02
"S116"	"2018-05-02"	"grab"	0.042	0.841	0.6	0	0	0	0	0.02
"S116"	"2018-06-05"	"grab"	0.027	0.368	0.9	0	0	0	0	0
"S116"	"2019-04-15"	"grab"	0.016	0.595	0.5	0	0	0	0	0
"S116"	"2019-06-11"	"grab"	0.039	0.566	0.7	0	0	0.004	0	0
"S116"	"2019-07-01"	"grab"	0.015	0.337	0.7	0	0	0	1	0.03
"S116"	"2019-05-20"	"grab"	0.01	0.416	0.8	2	0.1	0.005	0.6	0.02
"S116"	"2018-10-16"	"grab"	0.019	0.174	0	0	0		0	0.06
"S117"	"2018-06-06"	"grab"	0.133	1.07	1.2	0	0	0.005	0	0.02
"S117"	"2018-05-02"	"grab"	0.082	1.26	0	0	0	0.003	5.7	0
"S118"	"2019-04-08"	"grab"	0.049	4.3	1.2	0	0	0	0.7	0
"S118"	"2019-06-11"	"eds"	1.53	13.5	2.8	0	0.23	0.09	2.5	0.02
"S118"	"2019-07-01"	"grab"	0.013	1.08	2	0	0.22	0	1.1	0
"S118"	"2019-05-07"	"grab"	0.033	2.68	1.3	0	0	0.004	0.5	0
"S118"	"2019-06-11"	"grab"	0.074	3.79	1.8	2	0.13	0	1.1	0
"S118"	"2019-05-20"	"grab"	0.027	2.23	1.5	2	0	0.005	0.8	0
"S119"	"2018-06-06"	"grab"	0	1.28	0	0	0	0	0	0
"S119"	"2018-05-01"	"grab"	0.029	1.81	0	0	0	0	0.8	0.03
"S119"	"2018-10-16"	"grab"	0	1.01	0	0	0		0	0
"S120"	"2018-05-13"	"eds"	0.155	1.58	19.3	4	0	0.01	3.4	0
"S120"	"2018-05-08"	"grab"	0.054	1.06	15	0	0	0.004	1.3	0
"S120"	"2018-06-13"	"eds"	0.199	3.52	24.7	15	0	0.006	8.8	0
"S120"	"2018-06-08"	"eds"	0.347	3.49	19.5	2	0	0.031	6.5	0
"S120"	"2018-04-09"	"eds"			13.4	109	1.4		0	0.09
"S120"	"2018-08-24"	"eds"	0.492	8.57	46.9	463	0.8	0.013	17.7	0.05
"S120"	"2018-07-05"	"eds"	0.34	1.91	27.6	14	0	0.02	9.1	0
"S120"	"2018-04-09"	"eds"			11.6	111	0		6.9	0.05
"S121"	"2018-07-10"	"grab"	0.036	0.573	4.2	0	0	0.003	0	0
"S121"	"2018-05-09"	"grab"	0.031	0.569	3.7	2	0	0	0	0
"S122"	"2018-04-30"	"grab"	0	2.42	0	2	0	0	1	0.07
"S123"	"2019-05-20"	"grab"	0	1.51	0	26	0.06	0.005	0.8	0.4
"S123"	"2019-05-20"	"eds"	0.009	1.05	0	33	0	0	2.5	0.29
"S123"	"2019-04-29"	"grab"	0.009	1.56	1.3	3	0	0.004	1.8	0
"S123"	"2019-07-01"	"eds"	0	1.03	1	2	0	0	1.3	0.03
"S123"	"2019-04-08"	"grab"	0	1.98	0	39	0	0	1.2	0.57
"S123"	"2019-06-10"	"grab"	0	1.13	0.7	4	0	0	0	0
"S124"	"2018-05-01"	"grab"	0.028	2.17	0.7	3	0	0	1	0.04
